OBJECTID	MpCodigo	MpNombre	MpArea	MpNorma	MpCategor	altitud	Cod_Depto	Codigo	x	y	ORIG_FID
1	91540	Puerto Nariño	1455.583518	Decreto No. 0106 de 1984	1	100	91	91540	5280616.001	1157060.954	1
2	91001	Leticia	6009.64508	Decreto No. 0352 de 1964	1	82	91	91001	5328497.462	1168740.969	2
3	91798	Tarapacá	9038.960497		3	100	91	91798	5333186.781	1287012.453	3
4	91263	El Encanto	10504.3569		3	158	91	91263	5030655.594	1338219.368	4
5	91536	Puerto Arica	13468.9598	Ordenanza No. 023 de 1997	3	150	91	91536	5205882.169	1347753.351	5
6	91530	Puerto Alegría	8291.714148	Ordenanza No. 024 de 1997	3	200	91	91530	4916368.386	1453124.637	6
7	91407	La Pedrera	13631.81317		3	82	91	91407	5329564.887	1400168.771	7
8	91405	La Chorrera	12700.01448		3	184	91	91405	5026624.511	1420989.597	8
9	91669	Santander	14692.13231		3	200	91	91669	5118020.773	1436369.141	9
10	97666	Taraira	6494.496597	Ordenanza No. 22 de 1992	1	100	97	97666	5344147.343	1478408.058	10
11	91460	Mirití-Paraná	16813.38504		3	200	91	91460	5201862.593	1482094.29	11
12	91430	La Victoria	1428.202872	Ordenanza No. 012 de 1996	3	200	91	91430	5210835.666	1544227.873	12
13	86757	San Miguel	363.211923		1	535	86	86757	4570972.04	1592078.221	13
14	86865	Valle Del Guamuez	814.5065139	Decreto No. 3293 de 1985	1	720	86	86865	4567675.944	1603795.157	14
15	86568	Puerto Asís	2801.936232	Decreto No. 1951 de 1967	1	253	86	86568	4629583.222	1611098.505	15
16	86573	Leguízamo	10651.52835		1	200	86	86573	4770555.641	1565121.219	16
17	52560	Potosí	388.6763316		1	2750	52	52560	4507368.226	1638137.997	17
18	86569	Puerto Caicedo	926.789715	Ordenanza No. 012 de 1992	1	272	86	86569	4612594.415	1638308.941	18
19	97511	Pacoa	13947.31504		3	200	97	97511	5229623.179	1579560.393	19
20	52215	Córdoba	304.9173743	Ordenanza No. 39 de 1911	1	2800	52	52215	4514567.29	1643463.496	20
21	52356	Ipiales	1543.100984		1	2897	52	52356	4513580.833	1620244.355	21
22	52224	Cuaspud	57.39483419		1	3050	52	52224	4472690.893	1655090.684	22
23	52573	Puerres	350.4603799		1	2800	52	52573	4518821.326	1649632.45	23
24	86320	Orito	1940.661959	Decreto No. 2891 de 1978	1	361	86	86320	4561079.308	1632668.775	24
25	52210	Contadero	43.2539859		1	2900	52	52210	4495876.604	1661420.908	25
26	52323	Gualmatán	29.9941154		1	2900	52	52323	4489792.135	1660982.722	26
27	52022	Aldana	47.69150287		1	3013	52	52022	4477206.666	1659313.48	27
28	52585	Pupiales	129.8037391		1	2900	52	52585	4484127.575	1659673.937	28
29	18785	Solita	476.8300581	Ordenanza No. 28 de 1996	1	200	18	18785	4706460.386	1658618.225	29
30	52352	Iles	80.63770249		1	2950	52	52352	4496936.828	1666726.058	30
31	52317	Guachucal	155.8504891		1	3087	52	52317	4472505.589	1666149.111	31
32	52287	Funes	395.1190116		1	2350	52	52287	4518143.298	1659350.985	32
33	86571	Puerto Guzmán	4576.402367	Ordenanza No. 013 de 1992	1	306	86	86571	4679504.085	1640632.364	33
34	52506	Ospina	64.91170941		1	2830	52	52506	4493184.454	1672192.085	34
35	86885	Villagarzón	1397.692063	Decreto No. 0574 de 1977	1	426	86	86885	4583194.457	1658936.234	35
36	52227	Cumbal	917.6154898		1	3100	52	52227	4447734.693	1662749.203	36
37	52720	Sapuyes	115.6803199		1	3014	52	52720	4478891.83	1672919.599	37
38	97889	Yavaraté	4592.06517	Decreto No. 1510 de 1914	3	100	97	97889	5375937.382	1650228.205	38
39	52354	Imués	81.7921157		1	2600	52	52354	4498862.549	1676958.106	39
40	18205	Curillo	399.2772192		1	232	18	18205	4671515.447	1675140.282	40
41	18756	Solano	42233.42859	Ordenanza No. 03 de 1985	1	200	18	18756	4986193.564	1581401.948	41
42	52885	Yacuanquer	102.8349195		1	2650	52	52885	4507442.689	1682780.739	42
43	86760	Santiago	342.1607381	Decreto No. 2830 de 1989	1	2125	86	86760	4554165.523	1678312.758	43
44	52788	Tangua	218.1872198		1	2403	52	52788	4515691.921	1675957.891	44
45	52320	Guaitarilla	116.8613386		1	2650	52	52320	4495685.408	1685660.545	45
46	52207	Consacá	119.4707824		1	1675	52	52207	4505676.557	1692039.377	46
47	86755	San Francisco	407.5961111	Decreto No. 2830 de 1989	1	2173	86	86755	4571825.881	1683854.767	47
48	52838	Túquerres	216.5150971		1	3051	52	52838	4484456.889	1683802.413	48
49	86219	Colón	64.32293555	Decreto No. 2830 de 1989	1	2100	86	86219	4558524.037	1693524.304	49
50	52565	Providencia	40.00138596	Ordenanza No. 34 de 1992	1	2300	52	52565	4488077.454	1694708.463	50
51	52480	Nariño	25.33619871	Ordenanza No. 27 de 1999	1	2400	52	52480	4515365.967	1699978.746	51
52	52036	Ancuya	68.97811109		1	1375	52	52036	4495586.468	1696066.699	52
53	86749	Sibundoy	97.79085127	Decreto No. 1871 de 1982	1	2137	86	86749	4564505.84	1694128.124	53
54	18860	Valparaíso	1329.921558	Ordenanza No. 03 de 1985	1	225	18	18860	4707735.991	1675433.113	54
55	52001	Pasto	1100.292976		1	2559	52	52001	4531812.985	1678099.681	55
56	18460	Milán	1220.120568		1	207	18	18460	4734506.886	1684855.037	56
57	18029	Albania	412.8276938		1	270	18	18029	4679357.173	1693849.719	57
58	52683	Sandoná	101.7133171		1	1800	52	52683	4503899.998	1700801.831	58
59	52435	Mallama	569.8137048		1	1809	52	52435	4460364.358	1686227.74	59
60	52381	La Florida	136.4419333		1	2150	52	52381	4511545.67	1705865.575	60
61	52110	Buesaco	636.4479716		1	1960	52	52110	4541856.785	1703741.407	61
62	52699	Santa Cruz	541.2749755	Ordenanza No. 40 de 1913	1	2500	52	52699	4471782.712	1700536.112	62
63	86001	Mocoa	1305.26519	Decreto No. 0013 de 1958	1	605	86	86001	4589994.783	1694074.484	63
64	52612	Ricaurte	1056.437194		1	1181	52	52612	4437949.826	1691461.073	64
65	52411	Linares	135.7719156		1	1450	52	52411	4496755.797	1712678.873	65
66	52019	Albán	38.63842488		1	1700	52	52019	4547189.537	1720860.762	66
67	52258	El Tablón	307.11094		1	1025	52	52258	4556489.909	1714151.8	67
68	52240	Chachagüí	146.3986686	Ordenanza No. 20 de 1992	1	1961	52	52240	4524776.211	1711667.254	68
69	52051	Arboleda	60.23237842		1	2000	52	52051	4540386.792	1722002.948	69
70	52260	El Tambo	246.5473063		1	2200	52	52260	4512154.68	1716527.984	70
71	18150	Cartagena Del Chairá	12771.38667	Ordenanza No. 03 de 1985	1	242	18	18150	4858461.822	1629643.378	71
72	52685	San Bernardo	65.21026402	Ordenanza No. 023 de 1992	1	2100	52	52685	4552563.79	1727488.845	72
73	18479	Morelia	462.396684	Ordenanza No. 03 de 1985	1	258	18	18479	4702568.154	1711019.648	73
74	18610	San José Del Fragua	1310.248855		1	365	18	18610	4654081.422	1702376.139	74
75	19533	Piamonte	1104.957199	Ordenanza No. 24 de 1996	1	306	19	19533	4632197.435	1685576.911	75
76	52694	San Pedro De Cartago	55.68932309	Ordenanza No. 25 de 1989	1	1750	52	52694	4543569.997	1728285.862	76
77	52678	Samaniego	605.7224478		1	1450	52	52678	4477701.474	1716643.464	77
78	52254	El Peñol	121.2373334	Ordenanza No. 36 de 1998	1	1650	52	52254	4506874.674	1725597.516	78
79	52083	Belén	41.87539432	Ordenanza No. 53 de 1985	1	2450	52	52083	4550103.584	1734248.045	79
80	52378	La Cruz	238.9991938		1	2500	52	52378	4563425.81	1733492.699	80
81	52385	La Llanada	245.2812992	Ordenanza No. 26 de 1989	1	2300	52	52385	4476461.563	1730331.389	81
82	52687	San Lorenzo	249.3512327		1	1950	52	52687	4530491.156	1728900.277	82
83	52203	Colón	61.79495733		1	1750	52	52203	4549620.802	1739296.531	83
84	94885	La Guadalupe	1137.441867	Decreto No. 0083 de 1988	3	80	94	94885	5667871.799	1713918.291	84
85	52786	Taminango	234.8032835		1	1375	52	52786	4518626.648	1734411.349	85
86	52399	La Unión	142.2636676		1	1727	52	52399	4538968.007	1737475.516	86
87	52693	San Pablo	111.9341352		1	1750	52	52693	4557659.707	1744291.376	87
88	97161	Carurú	6349.02552	Ordenanza No. 03 de 1993	1	200	97	97161	5185648.23	1674413.129	88
89	19290	Florencia	56.69489361	Ordenanza No. 01 de 1993	1	1500	19	19290	4545170.823	1745752.332	89
90	18094	Belén De Los Andaquíes	1191.55051	Decreto No. 0963 de 1950	1	313	18	18094	4680114.16	1724091.371	90
91	18410	Montañita	1700.235564	Decreto No. 83 de 1955	1	237	18	18410	4751318.528	1702112.73	91
92	41530	Palestina	196.9612611	Ordenanza No. 02 de 1984	1	1740	41	41530	4649939.938	1743828.554	92
93	97001	Mitú	16146.0371	Decreto No. 1666 de 1974	1	182	97	97001	5287268.77	1670370.93	93
94	52079	Barbacoas	2735.903954		1	24	52	52079	4425873.712	1718427.461	94
95	41006	Acevedo	521.8067761		1	1563	41	41006	4667239.683	1747474.464	95
96	19701	Santa Rosa	3620.755833		1	1750	19	19701	4606261.039	1726314.793	96
97	52418	Los Andes	957.9668857		1	1550	52	52418	4475667.005	1743482.647	97
98	52540	Policarpa	434.665299	Ordenanza No. 22 de 1972	1	1000	52	52540	4501251.797	1750379.171	98
99	52233	Cumbitara	355.551045	Ordenanza No. 65 de 1968	1	1675	52	52233	4488818.556	1749322.598	99
100	19450	Mercaderes	698.5552371		1	1156	19	19450	4534799.344	1756773.871	100
101	19693	San Sebastián	419.2442683		1	2100	19	19693	4586531.849	1763574.655	101
102	19022	Almaguer	236.8516399		1	2200	19	19022	4573352.696	1769824.917	102
103	52256	El Rosario	520.791981		1	1500	52	52256	4506086.193	1762525.695	103
104	95200	Miraflores	12774.7633	Ordenanza No. 01 de 1992	1	200	95	95200	5109194.743	1708771.503	104
105	41770	Suaza	429.6234607		1	1000	41	41770	4687705.917	1765018.31	105
106	41551	Pitalito	630.7316713		1	1271	41	41551	4653051.679	1760307.648	106
107	52835	Tumaco	3610.36618		2	3	52	52835	4374818.542	1739699.844	107
108	41807	Timaná	185.7216747		1	1011	41	41807	4675522.075	1773857.692	108
109	41244	Elías	80.44179959		1	1500	41	41244	4671821.846	1780008.284	109
110	97777	Papunaua	5531.678139		3	200	97	97777	5255118.199	1744004.783	110
111	41319	Guadalupe	249.5356162		1	888	41	41319	4700086.637	1777541.782	111
112	19100	Bolívar	798.3467894		1	1700	19	19100	4559027.624	1763380.558	112
113	52427	Magüí	1810.610673		1	23	52	52427	4438443.514	1769555.03	113
114	52405	Leiva	310.6964202	Decreto No. 030 Bis de 1978	1	1500	52	52405	4520197.425	1772891.373	114
115	41503	Oporapa	155.8207373	Ordenanza No. 10 de 1963	1	1069	41	41503	4661794.281	1786106.07	115
116	19785	Sucre	135.9585399	Ordenanza No. 09 de 1999	1	1125	19	19785	4565035.025	1785934.555	116
117	19397	La Vega	516.3469428		1	2200	19	19397	4581870.626	1785473.695	117
118	41026	Altamira	180.9754726		1	1027	41	41026	4692129.72	1788044.625	118
119	95015	Calamar	13530.20457	Ordenanza No. 01 de 1992	1	233	95	95015	4996189.847	1736332.597	119
120	41668	San Agustín	1390.850486	Ordenanza No. 24 de 1926	1	1627	41	41668	4619959.081	1771025.332	120
121	18001	Florencia	2546.942394	Decreto No. 0642 de 1912	1	266	18	18001	4715481.218	1751495.341	121
122	19075	Balboa	413.5522373	Ordenanza No. 01 de 1967	1	1500	19	19075	4531735.573	1789010.298	122
123	41791	Tarqui	362.7909173		1	840	41	41791	4680257.58	1793714.584	123
124	52621	Roberto Payán	1460.038499		1	69	52	52621	4400898.247	1768641.753	124
125	19392	La Sierra	208.4673943		1	1800	19	19392	4579291.305	1800266.696	125
126	41660	Saladoblanco	466.7264478	Ordenanza  No. 10 de 1948	1	1415	41	41660	4640886.606	1790485.971	126
127	41359	Isnos	370.728693		1	1900	41	41359	4637817.758	1780134.102	127
128	41378	La Argentina	356.457507	Ordenanza No. 36 de 1959	1	1540	41	41378	4653277.792	1799430.812	128
129	52520	Francisco Pizarro	526.082782	Decreto No. 126 de 1975	1	1	52	52520	4377423.76	1789913.192	129
130	18256	El Paujil	1234.153795	Decreto No. 1678 de 1967	1	346	18	18256	4751543.873	1736927.318	130
131	41298	Garzón	606.4039945		1	830	41	41298	4714098.727	1798317.74	131
132	19622	Rosas	169.1801459		1	1714	19	19622	4582579.785	1807278.543	132
133	18247	El Doncello	1105.498114	Decreto No. 1678 de 1967	1	373	18	18247	4756027.749	1756120.496	133
134	19532	Patía	755.8388304		1	987	19	19532	4548569.756	1795991.317	134
135	41548	Pital	193.6432508		1	918	41	41548	4685115.111	1808011.816	135
136	41013	Agrado	273.6870199		1	838	41	41013	4697983.999	1809109.709	136
137	00000	Area En Litigio Cauca - Huila	342.099087		4	0	00	0	4639507.871	1812191.435	137
138	19760	Sotará	516.1655936	Ordenanza No. 02 de 1936	1	2450	19	19760	4598330.747	1805127.76	138
139	19585	Puracé	506.4534333		1	2400	19	19585	4615365.824	1809514.722	139
140	95025	El Retorno	12405.90945	Ordenanza No. 01 de 1992	1	200	95	95025	5162763.236	1788628.313	140
141	94887	Paná-Paná	10179.74645	Decreto No. 0083 de 1988	3	200	94	94887	5432382.158	1777449.41	141
142	19807	Timbío	201.3979371		1	1798	19	19807	4587338.19	1820414.06	142
143	41518	Paicol	278.2674784		1	866	41	41518	4696709.989	1824282.744	143
144	41396	La Plata	814.6712902		1	1018	41	41396	4666296.634	1815624.432	144
145	19050	Argelia	776.4554912	Ordenanza No. 2 de 1967	1	1750	19	19050	4525757.071	1816127.448	145
146	94883	San Felipe	2939.023635	Decreto No. 0083 de 1988	3	88	94	94883	5629907.49	1797061.433	146
147	41306	Gigante	503.5197229		1	808	41	41306	4720180.731	1820354.514	147
148	19001	Popayán	480.3735197		1	1738	19	19001	4600571.539	1831681.222	148
149	19824	Totoró	404.5845363		1	2600	19	19824	4623011.183	1835251.689	149
150	18592	Puerto Rico	4143.961322		1	250	18	18592	4769504.248	1781260.652	150
151	50350	La Macarena	10826.00517	Ordenanza No. 11 de 1980	1	233	50	50350	4878287.799	1796949.587	151
152	52473	Mosquera	769.3084927		1	8	52	52473	4394669.043	1829137.202	152
153	41797	Tesalia	366.9573205		1	833	41	41797	4701792.186	1837541.05	153
154	52490	Olaya Herrera	1004.667184		1	1	52	52490	4410692.08	1812140.571	154
155	52696	Santa Bárbara	1226.125814	Ordenanza No. 58 de 1966	1	2	52	52696	4457598.636	1813344.322	155
156	52390	La Tola	416.5321034	Ordenanza No. 13 de 1988	1	5	52	52390	4420213.2	1826464.376	156
157	41349	Hobo	194.2753093		1	595	41	41349	4727913.604	1839129.325	157
158	19355	Inzá	866.4115955		1	1800	19	19355	4651153.485	1834577.39	158
159	41483	Nátaga	131.9236074	Ordenanza No. 25 de 1967	1	1475	41	41483	4690196.24	1843008.634	159
160	52250	El Charco	2493.698427		1	2	52	52250	4466298.773	1800127.512	160
161	41020	Algeciras	589.4271625	Ordenanza No. 41 de 1924	1	1078	41	41020	4745302.785	1834248.672	161
162	19318	Guapi	2570.886694		1	4	19	19318	4478146.624	1825585.469	162
163	19130	Cajibío	552.6194234		1	1800	19	19130	4588441.456	1850703.288	163
164	41885	Yaguará	332.8166302		1	681	41	41885	4720358.338	1850742.276	164
165	41132	Campoalegre	462.4971888		1	531	41	41132	4741102.765	1852042.161	165
166	19743	Silvia	681.1667145		1	2750	19	19743	4627496.181	1851485.879	166
167	41357	Íquira	356.4484752		1	1122	41	41357	4702806.283	1855752.402	167
168	19256	El Tambo	2741.488589		1	1750	19	19256	4554574.865	1838767.165	168
169	19548	Piendamó Tunia	181.2698786		1	1865	19	19548	4603678.13	1858549.208	169
170	41615	Rivera	251.109229		1	700	41	41615	4751567.129	1865683.743	170
171	94888	Morichal	8513.753902	Decreto No. 0083 de 1988	3	151	94	94888	5351444.47	1825996.605	171
172	19137	Caldono	354.8557295		1	1700	19	19137	4614864.483	1869124.934	172
173	95001	San José Del Guaviare	16723.62932	Decreto No. 1165 de 1976	1	189	95	95001	5120155.152	1832607.283	173
174	19809	Timbiquí	2059.78547		1	10	19	19809	4500462.717	1857231.265	174
175	18753	San Vicente Del Caguán	17445.00919	Decreto No. 0963 de 1950	1	250	18	18753	4859569.026	1731327.543	175
176	19473	Morales	511.7433904		1	1500	19	19473	4582978.266	1869715.869	176
177	41801	Teruel	471.6501979		1	853	41	41801	4698329.79	1870431.373	177
178	19364	Jambaló	234.4998387		1	2250	19	19364	4631935.386	1873445.003	178
179	50450	Puerto Concordia	1240.2963	Ordenanza No. 12 de 1989	1	200	50	50450	5030987.577	1862140.538	179
180	41676	Santa María	339.3052482	Ordenanza No. 06 de 1965	1	1700	41	41676	4707339.113	1881706.654	180
181	19517	Páez	1793.183739		1	1400	19	19517	4667234.257	1860523.757	181
182	19780	Suárez	392.5850878	Ordenanza No. 13 de 1989	1	1250	19	19780	4583596.396	1883232.263	182
183	50590	Puerto Rico	3421.747726	Ordenanza No. 10 de 1984	1	200	50	50590	4984690.156	1862780.775	183
184	19821	Toribío	492.2183831		1	1700	19	19821	4643984.217	1887349.568	184
185	41524	Palermo	884.0020683		1	549	41	41524	4728790.904	1880356.158	185
186	19698	Santander De Quilichao	518.3645083		1	1071	19	19698	4611116.006	1888412.889	186
187	41799	Tello	530.1499257		1	573	41	41799	4768314.986	1893115.195	187
188	94884	Puerto Colombia	15615.45286	Decreto No. 0083 de 1988	3	96	94	94884	5533021.246	1836035.603	188
189	50711	Vistahermosa	4811.90801	Ordenanza No. 19 de 1969	1	390	50	50711	4925952.337	1868715.859	189
190	19142	Caloto	265.0224221		1	1100	19	19142	4625853.893	1895093.411	190
191	19300	Guachené	100.6490551	Decreto No. 0653 de 2006	1	1000	19	19300	4623080.178	1906107.332	191
192	19212	Corinto	325.9678823		1	1052	19	19212	4643333.463	1905167.136	192
193	19110	Buenos Aires	435.2503334		1	1200	19	19110	4591074.541	1895282.881	193
194	19513	Padilla	69.69699275	Ordenanza No. 04 de 1967	1	1000	19	19513	4629271.433	1911627.393	194
195	19418	López	3370.427006		1	390	19	19418	4530981.561	1890587.969	195
196	19845	Villa Rica	81.74610623	Ordenanza No. 21 de 1998	1	970	19	19845	4615008.049	1910122.782	196
197	41001	Neiva	1269.143134		1	442	41	41001	4747518.14	1889042.713	197
198	19455	Miranda	189.7192846		1	1094	19	19455	4642579.296	1915293.872	198
199	41078	Baraya	785.4792306		1	612	41	41078	4782494.014	1904676.384	199
200	73555	Planadas	1753.934894	Ordenanza No. 36 de 1966	1	1224	73	73555	4687006.177	1900860.544	200
201	19573	Puerto Tejada	108.9299846	Ordenanza No. 15 de 1912	1	1000	19	19573	4620152.885	1919634.906	201
202	76364	Jamundí	629.198428		1	970	76	76364	4596858.952	1913859.143	202
203	76275	Florida	401.5954138		1	1038	76	76275	4648382.069	1923670.72	203
204	41016	Aipe	795.2985578		1	391	41	41016	4738663.308	1918804.69	204
205	41872	Villavieja	543.629848		1	375	41	41872	4762479.541	1921480.235	205
206	76130	Candelaria	295.7817402		1	975	76	76130	4624144.263	1932366.941	206
207	50325	Mapiripán	11917.40146	Ordenanza No. 11 de 1989	1	200	50	50325	5117972.241	1902567.333	207
208	76563	Pradera	356.7746141		1	1058	76	76563	4646906.359	1936570.84	208
209	50577	Puerto Lleras	2531.225769	Ordenanza No. 63 de 1965	1	240	50	50577	4973710.902	1910847.987	209
210	50683	San Juan De Arama	1167.441457		1	648	50	50683	4909342.413	1921573.064	210
211	73024	Alpujarra	501.1717762		1	1306	73	73024	4784459.192	1932818.026	211
212	50287	Fuente De Oro	570.0841833	Ordenanza No. 24 de 1960	1	295	50	50287	4933791.628	1931778.296	212
213	76001	Cali	564.1385862		2	991	76	76001	4602639.947	1934341.277	213
214	50330	Mesetas	2277.861753	Ordenanza No. 35 de 1981	1	827	50	50330	4875098.909	1906673.423	214
215	50313	Granada	347.819895	Decreto No. 0299 de 1956	1	333	50	50313	4917065.894	1944406.944	215
216	73067	Ataco	1017.324286		1	450	73	73067	4724294.93	1937202.219	216
217	73483	Natagaima	859.3502414		1	326	73	73483	4764359.77	1949500.411	217
218	76892	Yumbo	230.8130234		1	998	76	76892	4609992.623	1956094.68	218
219	76520	Palmira	1005.052387		1	1003	76	76520	4641468.647	1951835.175	219
220	94343	Barrancominas	14343.08428	Decreto No. 0083 de 1988	1	119	94	94343	5367030.659	1905635.755	220
221	50251	El Castillo	567.4397133	Ordenanza No. 01 de 1976	1	350	50	50251	4901418.085	1957578.388	221
222	50270	El Dorado	117.1759954	Ordenanza No. 44 de 1992	1	550	50	50270	4907687.681	1967666.169	222
223	76248	El Cerrito	442.0076552		1	988	76	76248	4643581.987	1964840.087	223
224	73616	Rioblanco	2046.082172	Ordenanza No. 11 de 1948	1	1250	73	73616	4682901.253	1941702.728	224
225	50370	Uribe	6430.692249	Ordenanza No. 037 de 1990	1	1000	50	50370	4841074.541	1894881.323	225
226	94886	Cacahual	2310.684088	Decreto No. 0083 de 1988	3	100	94	94886	5602070.836	1933764.884	226
227	50400	Lejanías	814.4210124	Ordenanza No. 20 de 1981	1	700	50	50400	4878293.887	1957503.049	227
228	50689	San Martín	5922.035638		1	421	50	50689	5001626.294	1948729.899	228
229	73563	Prado	422.707269		1	320	73	73563	4792123.887	1970296.323	229
230	76869	Vijes	112.9711536		1	900	76	76869	4614573.082	1972407.188	230
231	76306	Ginebra	268.7674955	Decreto No. 0206 de 1950	1	1036	76	76306	4645652.361	1972370.519	231
232	41206	Colombia	1583.623033		1	770	41	41206	4813628.115	1939608.064	232
233	73236	Dolores	651.4495178		1	1450	73	73236	4799856.578	1955763.96	233
234	76318	Guacarí	162.5237539		1	966	76	76318	4634143.915	1976804.471	234
235	76377	La Cumbre	255.5501405		1	1584	76	76377	4601257.671	1967028.71	235
236	76606	Restrepo	137.2433541	Ordenanza No. 30 de 1925	1	1400	76	76606	4607454.583	1979399.492	236
237	76233	Dagua	917.0727568		1	827	76	76233	4586720.003	1962168.052	237
238	73217	Coyaima	668.6938389		1	358	73	73217	4761464.881	1971411.574	238
239	50150	Castilla La Nueva	513.8655025	Ordenanza No. 08 de 1961	1	400	50	50150	4940192.255	1978490.562	239
240	50680	San Carlos De Guaroa	806.5656486	Ordenanza No. 08 de 1961	1	230	50	50680	4969382.334	1983171.317	240
241	73873	Villarrica	430.0801393		1	1125	73	73873	4820301.761	1984080.604	241
242	76111	Buga	825.8824789		1	967	76	76111	4655217.754	1984635.762	242
243	73671	Saldaña	193.1056293	Ordenanza No. 05 de 1969	1	311	73	73671	4775943.735	1990605.98	243
244	73585	Purificación	401.9765181		1	310	73	73585	4791929.636	1984129.229	244
245	50223	Cubarral	1156.417717	Ordenanza No. 23 de 1960	1	565	50	50223	4880650.144	1981098.553	245
246	25120	Cabrera	421.4164018	Ordenanza No. 79 de 1963	1	1900	25	25120	4839499.81	1991146.133	246
247	73168	Chaparral	2101.535863		1	853	73	73168	4712438.681	1972106.753	247
248	76670	San Pedro	202.2270107		1	975	76	76670	4643799.458	1998640.881	248
249	94001	Inírida	15878.869	Decreto No. 1593 de 1974	1	94	94	94001	5504957.811	1925964.136	249
250	76890	Yotoco	327.7506021		1	850	76	76890	4623489.632	1990170.742	250
251	76126	Calima	793.8458647	Ordenanza No. 049 de 1939	1	1500	76	76126	4597156.135	1994733.702	251
252	50318	Guamal	594.9197738	Decreto No. 0299 de 1956	1	521	50	50318	4893483.555	1994292.129	252
253	25506	Venecia	122.0812125		1	1630	25	25506	4838812.957	2007143.575	253
254	73504	Ortega	953.2858973		1	400	73	73504	4747118.01	1993470.743	254
255	73675	San Antonio	383.3509818		1	1447	73	73675	4722596.498	1995462.231	255
256	73226	Cunday	507.0254457		1	460	73	73226	4812514.387	1998261.495	256
257	76834	Tuluá	909.4386314		1	974	76	76834	4663360.494	2003767.085	257
258	50006	Acacías	1121.919973	Decreto No. 1353 de 1947	1	523	50	50006	4919668.938	2001103.856	258
259	76616	Riofrío	308.162729		1	939	76	76616	4625776.479	2012887.108	259
260	76036	Andalucía	110.4353244	Ordenanza No. 9 de 1884	1	956	76	76036	4648727.551	2016706.887	260
261	25649	San Bernardo	246.7497758		1	1750	25	25649	4849772.917	2015702.966	261
262	25524	Pandi	71.62678547		1	925	25	25524	4836781.254	2020096.13	262
263	76109	Buenaventura	6295.935032		2	6	76	76109	4546034.517	1958079.783	263
264	73148	Carmen De Apicalá	190.6832359		1	350	73	73148	4806149.715	2013848.813	264
265	73268	Espinal	216.3443586		1	323	73	73268	4789896.603	2018646.729	265
266	73319	Guamo	505.3128585		1	321	73	73319	4780650.906	2008722.313	266
267	73770	Suárez	190.0086393	Ordenanza No. 16 de 1903	1	275	73	73770	4798184.343	2005628.708	267
268	73352	Icononzo	214.9735578		1	1250	73	73352	4829166.807	2014890.581	268
269	73449	Melgar	201.996338		1	324	73	73449	4818285.539	2020746.066	269
270	73854	Valle De San Juan	197.7421732		1	590	73	73854	4759046.082	2020456.173	270
271	73622	Roncesvalles	775.656712	Ordenanza No. 04 de 1944	1	2550	73	73622	4712070.454	2011278.292	271
272	50001	Villavicencio	1283.757452		1	467	50	50001	4945312.817	2010147.319	272
273	25053	Arbeláez	142.3122483		1	1350	25	25053	4845154	2025860.542	273
274	73275	Flandes	96.74433966	Ordenanza No. 01 de 1949	1	290	73	73275	4796185.732	2027071.155	274
275	25339	Gutiérrez	452.6452191		1	2275	25	25339	4886319.692	2018424.679	275
276	76828	Trujillo	307.7416763	Ordenanza No. 019 de 1930	1	1308	76	76828	4628962.379	2026573.371	276
277	63302	Génova	294.8966183	Ordenanza No. 10 de 1937	1	1500	63	63302	4693633.83	2020438.362	277
278	76113	Bugalagrande	396.8120392		1	941	76	76113	4657090.565	2022428.267	278
279	73678	San Luis	411.9965858		1	475	73	73678	4765584.057	2014520.698	279
280	73624	Rovira	739.1889359	Decreto de 1853	1	875	73	73624	4739505.138	2024338.842	280
281	25335	Guayabetal	222.5048464	Ordenanza No. 28 de 1980	1	972	25	25335	4907321.629	2025670.009	281
282	25281	Fosca	111.0558956		1	2100	25	25281	4894305.74	2035012.437	282
283	50226	Cumaral	623.8277127	Decreto No. 2543 de 1955	1	412	50	50226	4965089.728	2025695.985	283
284	25488	Nilo	224.453243		1	400	25	25488	4820870.627	2032759.81	284
285	25612	Ricaurte	127.9183814		1	284	25	25612	4808155.419	2034174.448	285
286	63548	Pijao	248.5459703		1	1650	63	63548	4702261.56	2034110.812	286
287	25805	Tibacuy	84.64381602		1	1625	25	25805	4835082.442	2035666.667	287
288	25535	Pasca	271.4082012		1	2180	25	25535	4858679.205	2032572.43	288
289	25594	Quetame	137.5964305		1	1400	25	25594	4905426.428	2037022.385	289
290	63111	Buenavista	38.44795063	Ordenanza No. 29 de 1966	1	1500	63	63111	4695543.56	2041064.746	290
291	76736	Sevilla	537.1703945	Ordenanza No. 26 de 1914	1	1613	76	76736	4679467.364	2021962.379	291
292	25001	Agua De Dios	85.88512036	Ordenanza No. 78 de 1963	1	350	25	25001	4814615.125	2041392.191	292
293	76122	Caicedonia	166.9686198	Ordenanza No. 21 de 1923	1	1167	76	76122	4685227.637	2034727.146	293
294	25290	Fusagasugá	193.4780169		1	1728	25	25290	4845968.243	2035878.855	294
295	25845	Une	208.866481		1	2380	25	25845	4881521.157	2033421.127	295
296	25307	Girardot	130.2526862		1	289	25	25307	4799055.559	2037596.486	296
297	63212	Córdoba	92.95653149	Ordenanza No. 22 de 1966	1	1525	63	63212	4705849.148	2044273.982	297
298	50573	Puerto López	6898.196766	Decreto No. 2543 de 1955	1	184	50	50573	5039310.216	2001590.352	298
299	25151	Cáqueza	111.4052094		1	1658	25	25151	4895213.405	2044509.42	299
300	50606	Restrepo	364.4923172		1	488	50	50606	4947458.808	2026254.69	300
301	50245	El Calvario	269.9059319	Decreto No. 2543 de 1955	1	1900	50	50245	4920764.361	2038973.722	301
302	76895	Zarzal	367.9529273	Decreto No. 0155 de 1909	1	917	76	76895	4661485.253	2039753.402	302
303	50124	Cabuyaro	911.8437202		1	175	50	50124	5005247.337	2034832.125	303
304	25483	Nariño	55.08897389		1	262	25	25483	4799714.834	2045315.985	304
305	63401	La Tebaida	89.43040842	Decreto No. 547 de 1954	1	1175	63	63401	4687440.452	2048736.812	305
306	25743	Silvania	162.7850608	Ordenanza No. 40 de 1948	1	1468	25	25743	4847994.434	2048410.844	306
307	76100	Bolívar	743.7784193		1	930	76	76100	4626586.749	2041019.009	307
308	25178	Chipaque	150.3601583		1	2441	25	25178	4882496.783	2047128.584	308
309	73200	Coello	343.4228287		1	300	73	73200	4787955.219	2039399.504	309
310	76622	Roldanillo	235.1666351		1	945	76	76622	4648481.426	2049753.111	310
311	25878	Viotá	201.1038012		1	567	25	25878	4835248.746	2048345.268	311
312	25740	Sibaté	121.9026212	Ordenanza No. 40 de 1967	1	2574	25	25740	4859897.791	2051606.65	312
313	25312	Granada	60.6392765	Ordenanza No. 017 de 1995	1	2250	25	25312	4851704.29	2057977.395	313
314	25841	Ubaque	106.9501751		1	1820	25	25841	4891805.85	2055401.644	314
315	50686	San Juanito	244.5235077	Ordenanza No. 32 de 1981	1	1950	50	50686	4926573.459	2051880.805	315
316	63130	Calarcá	220.5835906		1	1537	63	63130	4705275.189	2052221.947	316
317	76403	La Victoria	264.7187532		1	916	76	76403	4670860.184	2054091.194	317
318	27250	El Litoral Del San Juán	4136.152719	Ordenanza No. 001 de 1993	1	25	27	27250	4560085.78	2028440.662	318
319	73124	Cajamarca	508.3353564	Decreto No. 0112 de 1908	1	1814	73	73124	4722934.173	2045430.247	319
320	63470	Montenegro	149.1730665	Ordenanza No. 14 de 1911	1	1150	63	63470	4687397.913	2058275.575	320
321	63001	Armenia	121.4016512		1	1483	63	63001	4697712.974	2055742.294	321
322	25324	Guataquí	90.89217542		1	255	25	25324	4802382.539	2056847.065	322
323	76400	La Unión	120.8726624		1	963	76	76400	4655726.849	2060177.047	323
324	25815	Tocaima	245.5809768		1	399	25	25815	4817150.955	2050155.728	324
325	25245	El Colegio	118.1561121		1	980	25	25245	4841802.14	2061694.531	325
326	25599	Apulo	121.8718808	Decreto No. 1336 de 1949	1	417	25	25599	4824952.088	2057685.978	326
327	73547	Piedras	354.1643168		1	433	73	73547	4786945.911	2053867.275	327
328	25754	Soacha	187.2321758		1	2555	25	25754	4863609.696	2059515.678	328
329	25035	Anapoima	123.8374853		1	689	25	25035	4830810.102	2062050.465	329
330	25181	Choachí	212.1324478		1	1920	25	25181	4898778.182	2064477.436	330
331	25645	San Antonio Del Tequendama	88.47406007		1	1500	25	25645	4850870.6	2066406.973	331
332	25368	Jerusalén	221.6727531		1	300	25	25368	4812680.393	2063349.408	332
333	76250	El Dovio	236.0293499	Ordenanza No. 14 de 1956	1	1250	76	76250	4635275.108	2060478.664	333
334	63594	Quimbaya	133.4940633	Ordenanza No. 26 de 1922	1	1315	63	63594	4690312.734	2068035.933	334
335	76497	Obando	214.6749041		1	935	76	76497	4672863.933	2066704.186	335
336	25438	Medina	1194.929125		1	533	25	25438	4954975.096	2053536.089	336
337	63190	Circasia	90.28174583		1	1773	63	63190	4704221.372	2067385.376	337
338	25279	Fómeque	459.5173199		1	1925	25	25279	4911614.778	2058450.466	338
339	25797	Tena	51.38366389		1	1350	25	25797	4845677.91	2072148.467	339
340	73001	Ibagué	1376.571801		1	1286	73	73001	4750128.237	2050316.045	340
341	73026	Alvarado	344.1118654		1	418	73	73026	4779719.512	2064680.163	341
342	76863	Versalles	200.6376386		1	1900	76	76863	4643042.134	2069599.538	342
343	25386	La Mesa	148.1291956		1	1275	25	25386	4836653.858	2072078.569	343
344	85440	Villanueva	832.1805243	Ordenanza No. 2287 de 1982	1	200	85	85440	5019612.716	2058374.894	344
345	63690	Salento	347.4023716	Decreto No. 0995 de 1908	1	1900	63	63690	4719291.654	2068041.141	345
346	73043	Anzoátegui	469.4692598	Ordenanza No. 21 de 1915	1	1900	73	73043	4757005.325	2070182.95	346
347	76020	Alcalá	62.33610448	Ordenanza No. 12 de 1919	1	1220	76	76020	4691351.528	2075624.383	347
348	63272	Filandia	106.5864164		1	1800	63	63272	4703722.335	2074515.104	348
349	50110	Barranca De Upía	403.0138595	Ordenanza No. 05 de 1990	1	225	50	50110	5000500.523	2057353.103	349
350	25473	Mosquera	106.0101687		1	2543	25	25473	4863039.386	2074473.922	350
351	25530	Paratebueno	883.9065376	Ordenanza No. 36 de 1981	1	250	25	25530	4979262.386	2049980.92	351
352	76823	Toro	175.7556419		1	958	76	76823	4658242.805	2071284.361	352
353	76845	Ulloa	41.87225287	Ordenanza No. 20 de 1925	1	1410	76	76845	4691876.584	2078810.724	353
354	25580	Pulí	197.5197093		1	1000	25	25580	4813645.409	2076610.864	354
355	25099	Bojacá	102.2074908		1	2600	25	25099	4852655.026	2076563.679	355
356	25123	Cachipay	53.39584477	Ordenanza No. 006 de 1982	1	1650	25	25123	4838222.709	2080062.485	356
357	76054	Argelia	90.80595341	Ordenanza No. 15 de 1956	1	1512	76	76054	4651548.63	2078602.279	357
358	25299	Gama	107.5189309	Ordenanza No. 14 de 1903	1	2150	25	25299	4933425.389	2079977.897	358
359	25286	Funza	69.97262577		1	2548	25	25286	4867245.555	2082204.802	359
360	25596	Quipile	127.5895654		1	1448	25	25596	4827695.329	2079201.298	360
361	25293	Gachalá	384.3742311		1	1700	25	25293	4943394.864	2072387.551	361
362	25898	Zipacón	54.14079878		1	2550	25	25898	4846271.043	2083508.48	362
363	27745	Sipí	1577.453127	Ordenanza No. 014 de 1956	1	50	27	27745	4607068.787	2066651.331	363
364	76147	Cartago	248.1869748		1	917	76	76147	4676387.174	2078777.282	364
365	73861	Venadillo	334.3985641		1	332	73	73861	4787014.61	2078730.036	365
366	73686	Santa Isabel	270.0521576	Ordenanza No. 13 de 1904	1	2270	73	73686	4755268.605	2080950.502	366
367	25377	La Calera	326.2636033		1	2581	25	25377	4896959.073	2077499.961	367
368	11001	Bogotá, D.C.	1618.46768		2	2600	11	11001	4868977.401	2034947.679	368
369	25372	Junín	343.265913		1	2325	25	25372	4923230.791	2077951.714	369
370	25086	Beltrán	176.7266367		1	229	25	25086	4805271.24	2079765.195	370
371	76246	El Cairo	214.2370366	Ordenanza No. 045 de 1947	1	1800	76	76246	4643427.685	2084368.986	371
372	25040	Anolaima	120.8314956		1	1650	25	25040	4837933.846	2087385.681	372
373	25214	Cota	53.67950503		1	2561	25	25214	4875469.298	2087197.107	373
374	25430	Madrid	119.4452108		1	2550	25	25430	4860349.29	2085502.355	374
375	25839	Ubalá	521.5783297		1	1900	25	25839	4954743.101	2083879.734	375
376	66170	Dosquebradas	69.97443524	Ordenanza No. 12 de 1972	1	1479	66	66170	4703970.434	2093626.065	376
377	76041	Ansermanuevo	305.4604815		1	964	76	76041	4664028.461	2088686.877	377
378	25269	Facatativá	157.8790613		1	2586	25	25269	4851684.136	2092301.492	378
379	50568	Puerto Gaitán	17199.25418	Ordenanza No. 39 de 1969	1	149	50	50568	5151847.819	2000678.615	379
380	25799	Tenjo	114.009823		1	2600	25	25799	4872883.039	2092759.012	380
381	66001	Pereira	608.2391396		1	1415	66	66001	4699231.304	2086923.551	381
382	25175	Chía	79.81280823		1	2557	25	25175	4885070.317	2095729.617	382
383	73461	Murillo	423.7215135	Ordenanza No. 83 de 1985	1	2950	73	73461	4753882.927	2091749.326	383
384	25322	Guasca	360.0842566		1	2650	25	25322	4906175.662	2088592.867	384
385	15236	Chivor	108.4932034	Ordenanza No. 23 de 1990	1	1850	15	15236	4959942.689	2096269.676	385
386	66400	La Virginia	32.80016849	Ordenanza No. 057 de 1959	1	900	66	66400	4683784.298	2100637.132	386
387	25095	Bituima	61.01694359		1	1400	25	25095	4830553.047	2093867.137	387
388	25260	El Rosal	87.12009013	Ordenanza No. 25 de 1997	1	2600	25	25260	4862779.077	2097328.589	388
389	25328	Guayabal De Síquima	61.83974025		1	1600	25	25328	4835569.276	2097348.621	389
390	73030	Ambalema	237.8382544		1	238	73	73030	4799966.384	2091411.007	390
391	25019	Albán	50.75098509	Ordenanza No. 019 de 1903	1	2245	25	25019	4840082.957	2098633.026	391
392	25297	Gachetá	258.5057911		1	1750	25	25297	4931533.589	2095888.202	392
393	25867	Vianí	67.03580906		1	1480	25	25867	4827811.598	2098446.392	393
394	73408	Lérida	271.7663727		1	345	73	73408	4786788.568	2095993.786	394
395	15690	Santa María	309.1066068	Ordenanza No. 28 de 1961	1	900	15	15690	4971871.695	2090940.207	395
396	25758	Sopó	110.8892943		1	2574	25	25758	4892948.888	2098198.918	396
397	25662	San Juan De Rioseco	313.8168218		1	1268	25	25662	4816153.544	2093159.55	397
398	66682	Santa Rosa De Cabal	543.3292305		1	1701	66	66682	4717327.139	2092658.071	398
399	25126	Cajicá	51.25631773		1	2558	25	25126	4885866.344	2102885.943	399
400	25326	Guatavita	251.997878		1	2700	25	25326	4912834.399	2100774.565	400
401	15325	Guayatá	99.80420326		1	1700	15	15325	4944961.659	2102935.902	401
402	66075	Balboa	119.4793266		1	1550	66	66075	4673730.767	2102189.54	402
403	15667	San Luis De Gaceno	468.9663207		1	400	15	15667	4986279.474	2090081.672	403
404	73411	Líbano	282.2002444		1	1600	73	73411	4773012.273	2097349.799	404
405	85300	Sabanalarga	400.1581966	Ordenanza No. 05 de 1965	1	450	85	85300	5000465.076	2089629.144	405
406	25785	Tabio	75.12982251		1	2600	25	25785	4879809.705	2105231.895	406
407	25168	Chaguaní	171.8746825		1	1023	25	25168	4819243.06	2105660.065	407
408	15022	Almeida	57.5741962		1	1925	15	15022	4956987.432	2105513.597	408
409	15761	Somondoco	58.69677714		1	1680	15	15761	4952483.398	2107300.821	409
410	25718	Sasaima	111.5066103		1	1191	25	25718	4843473.74	2104781.06	410
411	25817	Tocancipá	73.1481078		1	2564	25	25817	4897062.106	2107122.462	411
412	27491	Nóvita	945.6760173		1	100	27	27491	4598710.943	2095340.709	412
413	25658	San Francisco	118.6155976		1	1505	25	25658	4859011.443	2106661.374	413
414	25295	Gachancipá	42.86544066		1	2563	25	25295	4902838.705	2111666.521	414
415	66440	Marsella	149.2976688		1	1600	66	66440	4694773.532	2104819.498	415
416	66383	La Celia	92.47551289	Ordenanza No. 96 de 1959	1	1500	66	66383	4666500.412	2109942.592	416
417	76243	El Águila	187.8240555	Decreto No. 0284 de 1950	1	1750	76	76243	4660052.201	2102163.757	417
418	15778	Sutatenza	41.06350103		1	1950	15	15778	4951963.757	2113475.996	418
419	17873	Villamaria	454.8708477		1	1944	17	17873	4730024.301	2104380.51	419
420	15322	Guateque	36.07517975		1	1810	15	15322	4945911.227	2112115.894	420
421	85162	Monterrey	777.5734258		1	430	85	85162	5016920.951	2092959.208	421
422	15425	Macanal	199.614149		1	1850	15	15425	4967405.342	2108309.427	422
423	73870	Villahermosa	279.0649029		1	2000	73	73870	4761043.665	2107109.226	423
424	25436	Manta	107.7356329		1	1900	25	25436	4937595.408	2107964.613	424
425	85139	Maní	3745.281326		1	175	85	85139	5087278.46	2074714.725	425
426	25875	Villeta	140.7747026		1	799	25	25875	4835137.217	2111968.852	426
427	25769	Subachoque	208.9673829		1	2600	25	25769	4871789.282	2107329.187	427
428	17088	Belalcázar	113.316409	Ordenanza No. 17 de 1911	1	1600	17	17088	4688247.344	2110570.513	428
429	25402	La Vega	155.27048		1	1200	25	25402	4851567.241	2108280.581	429
430	17174	Chinchiná	109.3206725	Ordenanza No. 011 de 1880	1	1378	17	17174	4704343.748	2109666.748	430
431	25736	Sesquilé	140.9873272		1	2601	25	25736	4913465.197	2111503.98	431
432	15135	Campohermoso	298.1735391		1	1300	15	15135	4983969.039	2111252.517	432
433	25491	Nocaima	68.86639535		1	1100	25	25491	4846001.781	2117962.458	433
434	25777	Supatá	130.2377899		1	1788	25	25777	4863552.933	2117438.831	434
435	15798	Tenza	45.78731273		1	1600	15	15798	4952932.894	2118398.832	435
436	73152	Casabianca	174.8399569	Ordenanza No.26 de 1896	1	1900	73	73152	4757376.835	2112741.185	436
437	17665	San José	60.9603105	Ordenanza No. 233 de 1997	1	1750	17	17665	4688141.637	2118979.146	437
438	25807	Tibirita	56.45602635		1	1950	25	25807	4943091.754	2119808.074	438
439	27450	Medio San Juan	663.7740472	Ordenanza No. 016 de 2000	1	41	27	27450	4578089.694	2091136.8	439
440	17877	Viterbo	112.8961887	Decreto No. 0826 de 1951	1	1000	17	17877	4680835.015	2116482.512	440
441	66687	Santuario	190.8596149		1	1600	66	66687	4669441.629	2116330.615	441
442	17524	Palestina	112.2038937	Ordenanza No. 007 de 1876	1	1600	17	17524	4704974.466	2116650.325	442
443	73520	Palocabildo	64.97293673	Ordenanza No. 39 de 1996	1	1410	73	73520	4776321.938	2121232.955	443
444	73055	Armero	440.3039193		1	331	73	73055	4795244.82	2111527.496	444
445	25426	Machetá	228.8367664		1	2108	25	25426	4931591.094	2114983.919	445
446	25592	Quebradanegra	79.77743454		1	1300	25	25592	4834399.891	2121731.975	446
447	15380	La Capilla	56.83715275		1	1975	15	15380	4949120.215	2123015.125	447
448	25899	Zipaquirá	194.5814119		1	2611	25	25899	4886635.049	2115685.456	448
449	25486	Nemocón	98.22993756		1	2583	25	25486	4902075.941	2120913.511	449
450	15299	Garagoa	193.1745687		1	1675	15	15299	4965176.494	2120386.621	450
451	17001	Manizales	440.8880196	Ordenanza No. Nn de 1849	1	2126	17	17001	4722118.064	2120250.921	451
452	73347	Herveo	322.5384745		1	2250	73	73347	4751391.361	2118497.579	452
453	73270	Falan	181.1979847		1	930	73	73270	4783125.271	2119577.792	453
454	25200	Cogua	132.7012793		1	2620	25	25200	4891931.84	2121969.644	454
455	17616	Risaralda	89.90593398		1	1700	17	17616	4694235.523	2123544.66	455
456	85410	Tauramena	2380.173697		1	475	85	85410	5041085.929	2077147.151	456
457	27660	San José Del Palmar	1582.524364	Decreto No. 0052 de 1948	1	2500	27	27660	4636316.394	2106831.544	457
458	25862	Vergara	144.4924587		1	1350	25	25862	4854878.556	2125145.311	458
459	25489	Nimaima	59.43884377	Ordenanza No. 30 de 1904	1	1175	25	25489	4845283.207	2125439.57	459
460	15514	Páez	338.4081942	Ordenanza No. 38 de 1962	1	1500	15	15514	4999517.182	2121012.635	460
461	15511	Pachavita	66.57743066		1	2000	15	15511	4955739.847	2126895.379	461
462	27205	Condoto	467.886424		1	50	27	27205	4608911.84	2119702.969	462
463	85230	Orocué	4739.877211		1	131	85	85230	5155313.661	2101282.221	463
464	25772	Suesca	173.0188205		1	2600	25	25772	4913283.69	2125571.773	464
465	15455	Miraflores	258.2394849		1	1523	15	15455	4980173.158	2127174.797	465
466	25183	Chocontá	299.6560037		1	2656	25	25183	4924586.105	2123620.343	466
467	66045	Apía	149.9796097		1	1619	66	66045	4672644.981	2126677.767	467
468	25793	Tausa	201.5987393		1	2931	25	25793	4894057.413	2132008.635	468
469	25851	Útica	91.99412621		1	500	25	25851	4836275.758	2131986.462	469
470	27580	Rio Iró	325.2163071	Ordenanza No. 015 de 2000	1	158	27	27580	4613751.177	2130631.74	470
471	66088	Belén De Umbría	180.5872241		1	1500	66	66088	4682170.651	2133356.926	471
472	17486	Neira	369.1993657		1	1965	17	17486	4722197.418	2131302.312	472
473	15172	Chinavita	136.1376564		1	1757	15	15172	4962283.072	2132929.998	473
474	25398	La Peña	128.3383451		1	1230	25	25398	4844028.06	2133273.265	474
475	17042	Anserma	209.159698		1	1765	17	17042	4694931.134	2133286.969	475
476	25781	Sutatausa	64.78062252		1	2600	25	25781	4905246.233	2137398.355	476
477	27361	Istmina	1881.081651		1	47	27	27361	4570764.497	2082929.442	477
478	73283	Fresno	219.5567268		1	1478	73	73283	4772603.348	2131490.209	478
479	25513	Pacho	402.147406		1	1791	25	25513	4871112.217	2129214.243	479
480	25224	Cucunubá	109.6818382		1	2590	25	25224	4913594.124	2135994.014	480
481	15090	Berbeo	57.90361948	Ordenanza No. 28 de 1913	1	1525	15	15090	4988792.941	2136134.61	481
482	15842	Úmbita	145.8445027		1	2500	15	15842	4948669	2134515.412	482
483	15660	San Eduardo	109.2594608	Ordenanza No. 13 de 1965	1	1950	15	15660	4994556.663	2136416.41	483
484	17433	Manzanares	197.8045156		1	2075	17	17433	4761496.941	2136641.535	484
485	73443	Mariquita	293.1157611		1	496	73	73443	4788760.422	2136815.219	485
486	73349	Honda	304.7121928		1	206	73	73349	4802446.874	2130595.209	486
487	25258	El Peñón	133.9440904	Ordenanza No. 14 de 1903	1	1200	25	25258	4855073.167	2139563.865	487
488	25871	Villagómez	62.89506278	Ordenanza No. 2 de 1965	1	1700	25	25871	4868100.071	2140528.779	488
489	17444	Marquetalia	90.2774403	Ordenanza No. 32 de 1924	1	1275	17	17444	4773878.616	2145024.171	489
490	17050	Aranzazu	149.5295747		1	1908	17	17050	4725892.933	2140376.927	490
491	25873	Villapinzón	225.8039251		1	2724	25	25873	4936055.666	2135637.12	491
492	15835	Turmequé	79.57757658		1	2450	15	15835	4943614.23	2144293.684	492
493	15804	Tibaná	121.6262064		1	2085	15	15804	4956443.888	2143778.257	493
494	85010	Aguazul	1439.26519		1	278	85	85010	5050055.067	2124444.811	494
495	15897	Zetaquirá	251.0417406		1	1661	15	15897	4981432.306	2142056.498	495
496	25843	Ubaté	102.1117711		1	2559	25	25843	4909165.914	2145479.159	496
497	85015	Chámeza	309.1633826	Ordenanza No. 21 de 1959	1	1100	85	85015	5014833.105	2135823.276	497
498	25407	Lenguazaque	155.3960109		1	2600	25	25407	4924513.225	2144084.449	498
499	99624	Santa Rosalía	3678.989919	Ordenanza No. 19 de 1993	1	125	99	99624	5259391.006	2107479.77	499
500	17446	Marulanda	376.7872665		1	2825	17	17446	4747028.266	2136982.881	500
501	17272	Filadelfia	192.5602999		1	1575	17	17272	4713056.247	2142662.907	501
502	85279	Recetor	180.8458734		1	750	85	85279	5025385.238	2139564.703	502
503	66318	Guática	100.8089964		1	2150	66	66318	4689281.005	2146589.105	503
504	27430	Medio Baudó	1372.942995	Ordenanza No. 003 de 1999	1	50	27	27430	4556925.342	2124066.35	504
505	66594	Quinchía	140.1377789		1	1800	66	66594	4699370.982	2146942.097	505
506	15494	Nuevo Colón	51.31156965		1	2450	15	15494	4950302.864	2149703.395	506
507	27810	Unión Panamericana	177.8377432	Ordenanza No. 011 de 1999	1	94	27	27810	4595963.418	2143199.255	507
508	27787	Tadó	714.9959193		1	78	27	27787	4630825.242	2140882.317	508
509	25823	Topaipí	143.551601	Ordenanza No. 062 de 1927	1	1300	25	25823	4857162.929	2149944.534	509
510	15367	Jenesano	58.9501855		1	2075	15	15367	4958256.008	2152179.285	510
511	25653	San Cayetano	287.4481306		1	2100	25	25653	4881227.55	2145357.167	511
512	25394	La Palma	190.594013		1	1452	25	25394	4844036.696	2147509.556	512
513	25320	Guaduas	762.8197002		1	992	25	25320	4818281.046	2129899.102	513
514	15189	Ciénega	53.89698169		1	2400	15	15189	4968764.463	2153930.994	514
515	15599	Ramiriquí	125.4215631		1	2313	15	15599	4965581.962	2145849.424	515
516	66572	Pueblo Rico	613.8026622		1	1563	66	66572	4659405.335	2142969.07	516
517	25317	Guachetá	169.9183308		1	2750	25	25317	4923222.263	2153330.023	517
518	17388	La Merced	88.57738222	Ordenanza No. 001 de 1969	1	1800	17	17388	4716640.339	2154532.321	518
519	15861	Ventaquemada	159.7537296		1	2642	15	15861	4942303.833	2152879.341	519
520	25154	Carmen De Carupa	298.1471852		1	2950	25	25154	4897423.375	2148011.164	520
521	17653	Salamina	387.9439606		1	1793	17	17653	4733066.981	2151938.108	521
522	25518	Paime	173.4289842		1	950	25	25518	4871091.722	2153448.491	522
523	15104	Boyacá	47.94112082		1	2411	15	15104	4957769.43	2159107.921	523
524	25288	Fúquene	77.34910605		1	2875	25	25288	4914663.437	2156544.482	524
525	15621	Rondón	205.9871951	Ordenanza No. 5 de 1904	1	2075	15	15621	4978237.281	2152478.204	525
526	15518	Pajarito	313.0081762		1	793	15	15518	5033585.835	2152746.332	526
527	15879	Viracachá	62.46990646		1	2500	15	15879	4970514.651	2159178.663	527
528	25779	Susa	104.0073941		1	2557	25	25779	4908761.155	2159182.751	528
529	27160	Cértegui	423.5140008	Ordenanza No. 012 de 2000	1	54	27	27160	4609650.788	2154694.89	529
530	27135	El Cantón Del San Pablo	380.6933343	Ordenanza No. 004 de 1994	1	35	27	27135	4581900.282	2151521.026	530
531	15212	Coper	149.6779968		1	950	15	15212	4886180.107	2159536.901	531
532	17442	Marmato	36.85375172		1	1050	17	17442	4711773.945	2165537.569	532
533	15764	Soracá	55.66054923		1	2799	15	15764	4964679.236	2165184.996	533
534	17777	Supia	121.4396095		1	1184	17	17777	4707525.169	2161181.825	534
535	17541	Pensilvania	498.2627309		1	2100	17	17541	4759989.594	2155911.93	535
536	85325	San Luis De Palenque	2981.012159		1	175	85	85325	5155830.966	2136287.899	536
537	15109	Buenavista	110.0102476		1	2197	15	15109	4894734.289	2164652.394	537
538	15740	Siachoque	119.0071931		1	2700	15	15740	4975993.435	2165606.233	538
539	15401	La Victoria	27.97306235	Ordenanza No. 5 de 1965	1	1400	15	15401	4863946.083	2167728.386	539
540	25148	Caparrapí	615.0804573		1	1272	25	25148	4831512.851	2152854.698	540
541	15646	Samacá	167.3162765		1	2604	15	15646	4942290.597	2162509.941	541
542	15224	Cucaita	42.05808744		1	2634	15	15224	4950621.375	2168753.614	542
543	17614	Riosucio	384.095361		1	1783	17	17614	4695125.07	2160056.964	543
544	85001	Yopal	2476.853036		1	355	85	85001	5082193.719	2137359.929	544
545	25745	Simijaca	96.58026494		1	2543	25	25745	4906416.863	2166886.373	545
546	85430	Trinidad	2959.931432	Ordenanza No. 21 de 1959	1	166	85	85430	5200067.504	2151384.336	546
547	66456	Mistrató	564.7361588		1	1501	66	66456	4671922.706	2157046.923	547
548	99773	Cumaribo	65187.51016	Ordenanza No. 66 de 1996	1	161	99	99773	5385872.058	2029892.73	548
549	27077	Bajo Baudó	3482.198233		1	5	27	27077	4532234.602	2113299.25	549
550	15001	Tunja	119.518461		1	2778	15	15001	4958147.216	2167796.627	550
551	17513	Pácora	257.1925662		1	1814	17	17513	4725046.765	2166314.494	551
552	15600	Ráquira	220.326457		1	2150	15	15600	4930360.114	2165364.37	552
553	15822	Tota	195.6641815		1	2875	15	15822	4999407.876	2164545.909	553
554	15676	San Miguel De Sema	93.86057544	Ordenanza No. 40 de 1960	1	2543	15	15676	4917275.443	2169364.157	554
555	17867	Victoria	558.4658531		1	675	17	17867	4796636.682	2160252.066	555
556	15480	Muzo	137.7103045		1	843	15	15480	4876368.045	2168656.614	556
557	05145	Caramanta	92.06265402		1	2117	05	5145	4708637.573	2172494.774	557
558	15762	Sora	47.76554731		1	2700	15	15762	4950876.776	2174661.758	558
559	15226	Cuítiva	44.03984059		1	2750	15	15226	5006692.948	2175436.767	559
560	15638	Sáchica	63.82522151		1	2152	15	15638	4939873.38	2173885.438	560
561	15187	Chivatá	49.44420997		1	2900	15	15187	4970848.099	2172805.269	561
562	15808	Tinjacá	79.63103043		1	2113	15	15808	4925143.922	2174353.906	562
563	15131	Caldas	78.85688401		1	2650	15	15131	4902509.799	2174209.582	563
564	15580	Quípama	167.1289652	Ordenanza No. 28 de 1986	1	1200	15	15580	4865152.198	2172679.367	564
565	15047	Aquitania	940.3543755		1	3042	15	15047	5014227.841	2158827.877	565
566	15542	Pesca	262.5926577		1	2600	15	15542	4991321.064	2165572.152	566
567	15362	Iza	34.18027706		1	2500	15	15362	5003335.913	2178708.818	567
568	15442	Maripí	160.4783412		1	1250	15	15442	4887067.682	2173551.639	568
569	15814	Toca	167.9412021		1	2700	15	15814	4982209.736	2174610.414	569
570	05364	Jardín	201.1409301	Decreto No. 118 de 1882	1	1750	05	5364	4687853.19	2174711.975	570
571	15500	Oicatá	60.1955175		1	2525	15	15500	4969012.477	2177989.226	571
572	15476	Motavita	59.94727948		1	2908	15	15476	4958227.287	2177486.9	572
573	05483	Nariño	316.6200831	Ordenanza No. 37 de 1913	1	1661	05	5483	4756987.363	2175172.762	573
574	27073	Bagadó	807.5687213		1	200	27	27073	4645730.948	2167031.55	574
575	15776	Sutamarchán	103.34567		1	2093	15	15776	4930704.64	2181250.222	575
576	27600	Rio Quito	699.3630553	Ordenanza No. 004 de 1999	1	35	27	27600	4577715.443	2174567.171	576
577	27050	Atrato (Yuto)	421.7394158	Ordenanza No. 010 de 1997	1	55	27	27050	4600503.173	2173658.894	577
578	15377	Labranzagrande	579.9871509		1	1100	15	15377	5045351.076	2170327.49	578
579	15176	Chiquinquirá	164.7783879		1	2565	15	15176	4910968.199	2179335.99	579
580	15232	Chíquiza	116.3184879	Ordenanza No. 19 de 1982	1	2600	15	15232	4950670.88	2181568.306	580
581	15272	Firavitoba	109.1175348		1	2500	15	15272	4997803.7	2184930.458	581
582	15407	Villa De Leiva	126.3840135		1	2143	15	15407	4942999.004	2184081.571	582
583	85225	Nunchía	1099.128737		1	387	85	85225	5100478.587	2169038.437	583
584	15106	Briceño	64.51202573	Ordenanza No. 14 de 1890	1	1340	15	15106	4899343.502	2185212.309	584
585	15837	Tuta	165.2371775		1	2600	15	15837	4979740.288	2184770.091	585
586	17013	Aguadas	475.5510307		1	2181	17	17013	4728655.332	2176999.861	586
587	15832	Tununguá	29.18230252	Ordenanza No. 37 de 1962	1	1250	15	15832	4895589.623	2190168.437	587
588	17662	Samaná	757.6842517		1	1250	17	17662	4779225.934	2170560.743	588
589	17495	Norcasia	227.3785676	Ordenanza No. 327 de 1999	1	727	17	17495	4794630.859	2181321.744	589
590	27413	Lloró	843.1225903	Ordenanza No. 015 de 1955	1	100	27	27413	4624992.043	2176221.848	590
591	15466	Monguí	68.71255886		1	2900	15	15466	5018485.925	2187549.559	591
592	15533	Paya	442.7615833		1	980	15	15533	5069820.342	2179174.71	592
593	15681	San Pablo De Borbur	195.6646835	Ordenanza No. 40 de 1960	1	678	15	15681	4876681.115	2185454.619	593
594	05055	Argelia	245.1992408	Ordenanza No. 19 de 1960	1	1700	05	5055	4768101.112	2189158.206	594
595	05856	Valparaiso	126.1456288		1	1358	05	5856	4708683.256	2183187.498	595
596	15759	Sogamoso	207.3641219		1	2492	15	15759	5012557.363	2184308.989	596
597	17380	La Dorada	549.0828471	Ordenanza No. 043 de 1923	1	176	17	17380	4810398.602	2170483.738	597
598	15632	Saboyá	248.2882586		1	2625	15	15632	4917206.359	2187885.035	598
599	05034	Andes	402.4871831		1	1350	05	5034	4676112.181	2180246.397	599
600	15464	Mongua	360.040451		1	3000	15	15464	5034124.77	2188914.12	600
601	25572	Puerto Salgar	515.252722	Ordenanza No. 047 de 1935	1	176	25	25572	4825054.624	2179213.666	601
602	15696	Santa Sofía	77.4420329		1	2370	15	15696	4933186.528	2191366.526	602
603	15820	Tópaga	33.55898545		1	2900	15	15820	5018069.423	2195063.11	603
604	05091	Betania	180.5263766	Ordenanza No. 42 de 1920	1	1500	05	5091	4669265.534	2191692.756	604
605	15293	Gachantivá	88.02566182		1	2450	15	15293	4939940.378	2192741.399	605
606	15204	Cómbita	144.9846733		1	2825	15	15204	4963552.333	2186487.69	606
607	05789	Támesis	252.194536		1	1500	05	5789	4699943.827	2185641.105	607
608	15491	Nobsa	55.32117747		1	2500	15	15491	5007449.12	2196542.475	608
609	15806	Tibasosa	93.56761747		1	2500	15	15806	4998763.816	2193072.232	609
610	05390	La Pintada	54.29841113	Ordenanza No. 42E de 1996	1	592	05	5390	4711903.196	2193641.433	610
611	15531	Pauna	252.3016252		1	1121	15	15531	4888750.854	2186698.491	611
612	25885	Yacopí	955.7656444		1	1200	25	25885	4848896.02	2176069.92	612
613	85263	Pore	779.4454744		1	250	85	85263	5118919.192	2183867.019	613
614	15051	Arcabuco	137.668892		1	2563	15	15051	4951427.107	2193334.914	614
615	05353	Hispania	54.17829274	Ordenanza No. 8 de 1983	1	960	05	5353	4678212.681	2199168.235	615
616	15550	Pisba	463.8751334		1	1500	15	15550	5061338.387	2192675.247	616
617	15296	Gámeza	123.418941		1	2750	15	15296	5029270.626	2199264.366	617
618	68271	Florián	176.3652573	Ordenanza No. 25 de 1974	1	1600	68	68271	4894282.665	2199100.669	618
619	15763	Sotaquirá	284.5746438		1	2650	15	15763	4971997.215	2197273.499	619
620	15114	Busbanzá	25.30119275		1	2500	15	15114	5013749.456	2203695.524	620
621	68020	Albania	165.9825895		1	1640	68	68020	4908311.331	2196533.057	621
622	15215	Corrales	60.7268421		1	2388	15	15215	5017102.624	2201603.614	622
623	05368	Jericó	204.9712332		1	1975	05	5368	4693890.838	2196296.945	623
624	15507	Otanche	474.4846636	Ordenanza No. 40 de 1960	1	1040	15	15507	4867491.644	2193920.673	624
625	68368	Jesús María	89.46644805		1	1890	68	68368	4908881.461	2204954.735	625
626	05576	Pueblorrico	75.42683137		1	1800	05	5576	4683289.706	2200762.048	626
627	68572	Puente Nacional	251.2989767		1	1625	68	68572	4924925.346	2202373.823	627
628	15276	Floresta	87.95219706		1	2500	15	15276	5008299.187	2205408.092	628
629	05756	Sonsón	1345.623641		1	2492	05	5756	4772025.688	2195159.284	629
630	05101	Ciudad Bolívar	263.7909105		1	1180	05	5101	4666840.769	2204293.306	630
631	05792	Tarso	120.4614957	Ordenanza No. 03 de 1936	1	1325	05	5792	4686875.32	2207532.528	631
632	05002	Abejorral	506.952798		1	2275	05	5002	4730066.988	2199881.707	632
633	15469	Moniquirá	217.9300683		1	1669	15	15469	4938197.031	2205921.918	633
634	15092	Betéitiva	101.6906721		1	2570	15	15092	5016753.344	2212246.09	634
635	05467	Montebello	76.00528343		1	2200	05	5467	4721124.326	2212433.637	635
636	15816	Togüí	101.2775891		1	1650	15	15816	4945871.951	2212374.818	636
637	15790	Tasco	209.2527803		1	2525	15	15790	5030288.514	2207989.938	637
638	68077	Barbosa	46.59552893		1	1579	68	68077	4931023.543	2216123.244	638
639	68324	Guavatá	83.67144474		1	1970	68	68324	4920147.709	2214951.754	639
640	15516	Paipa	304.5437228		1	2513	15	15516	4984735.343	2201847.917	640
641	05652	San Francisco	356.1064999	Ordenanza No. 57 de 1986	1	1250	05	5652	4781310.465	2208060.731	641
642	05282	Fredonia	258.0408981		1	1820	05	5282	4703439.47	2209291.512	642
643	05679	Santa Bárbara	196.1181282		1	1806	05	5679	4714064.038	2208276.834	643
644	05861	Venecia	139.6346516		1	1330	05	5861	4692626.983	2216963.791	644
645	15162	Cerinza	63.45306988		1	3269	15	15162	5003930.514	2216791.391	645
646	15693	Santa Rosa De Viterbo	116.4816038		1	2748	15	15693	5000915.608	2209159.094	646
647	27495	Nuquí	704.5833661		1	5	27	27495	4524384.316	2188504.552	647
648	15238	Duitama	233.5454351		1	2532	15	15238	4992575.613	2208901.674	648
649	27245	El Carmen	830.2938089		1	1726	27	27245	4646593.826	2201093.769	649
650	68377	La Belleza	334.7775255	Ordenanza No. 25 de 1974	1	2000	68	68377	4883738.247	2211179.695	650
651	05400	La Unión	167.6703178		1	2472	05	5400	4739455.91	2214961.022	651
652	15664	San José De Pare	74.28480851		1	1525	15	15664	4939833.207	2220372.536	652
653	05591	Puerto Triunfo	369.5835804	Ordenanza No. 24 de 1977	1	152	05	5591	4813434.346	2216286.395	653
654	15757	Socha	149.8303211		1	2667	15	15757	5035137.336	2216633.726	654
655	27025	Alto Baudó	2051.877894	Ordenanza No. 016 de 1958	1	50	27	27025	4547517.454	2182432.999	655
656	85400	Támara	1088.448188		1	1125	85	85400	5088446.376	2207674.789	656
657	05376	La Ceja	132.6667357		1	2143	05	5376	4731001.208	2220758.335	657
658	05642	Salgar	288.2391945	Ordenanza No. 1 de 1903	1	1250	05	5642	4670020.956	2218623.064	658
659	15185	Chitaraque	158.2701535		1	1650	15	15185	4952891.463	2219282.351	659
660	68327	Güepsa	30.10931217		1	1440	68	68327	4935951.336	2224710.41	660
661	68298	Gámbita	607.1731535		1	2100	68	68298	4964660.505	2212642.626	661
662	05030	Amagá	84.11897676		1	1400	05	5030	4700334.815	2225371.243	662
663	15087	Belén	162.7587613		1	3144	15	15087	5011759.699	2221548.837	663
664	15537	Paz De Rio	122.4379237		1	2213	15	15537	5025716.112	2224165.407	664
665	15723	Sativasur	54.76741932		1	2600	15	15723	5031482.153	2228805.045	665
666	15686	Santana	67.85294924		1	1591	15	15686	4945826.58	2227379.418	666
667	15755	Socotá	602.2351417		1	2400	15	15755	5048778.224	2213815.745	667
668	05129	Caldas	132.7295115		1	1751	05	5129	4709379.765	2227707.987	668
669	05197	Cocorná	241.632657		1	1300	05	5197	4760979.855	2222078.186	669
670	68179	Chipatá	94.83627653		1	1750	68	68179	4930048.327	2228534.741	670
671	85315	Sácama	311.4670754		1	1300	85	85315	5087304.846	2226567.04	671
672	05660	San Luis	425.3326066		1	1050	05	5660	4782916.589	2222982.765	672
673	85250	Paz De Ariporo	12074.55971		1	275	85	85250	5235874.942	2197137.686	673
674	05809	Titiribí	140.3286123		1	1550	05	5809	4690198.712	2228235.48	674
675	05148	Carmen De Viboral	423.4449415		1	2150	05	5148	4749522.538	2219081.84	675
676	15839	Tutazá	121.760099		1	2800	15	15839	5015808.564	2229615.242	676
677	68673	San Benito	59.01805915		1	1200	68	68673	4941656.113	2232252.686	677
678	05607	Retiro	238.1687343		1	2250	05	5607	4721634.747	2227319.149	678
679	05631	Sabaneta	15.73285151	Ordenanza No. 7 de 1967	1	1600	05	5631	4711399.725	2236983.172	679
680	68773	Sucre	521.8469206	Ordenanza No. 38 de 1892	1	2200	68	68773	4893863.303	2219225.892	680
681	05697	Santuario	83.41091668		1	2137	05	5697	4750852.251	2235236.225	681
682	05209	Concordia	247.8869458		1	1950	05	5209	4679070.118	2228195.281	682
683	05380	La Estrella	36.83844656		1	1764	05	5380	4706942.982	2236921.969	683
684	15720	Sativanorte	160.9671143		1	2600	15	15720	5029825.868	2235595.183	684
685	68250	El Peñón	397.6767765		1	2650	68	68250	4897444.45	2231765.336	685
686	05036	Angelópolis	81.85993331	Ordenanza No. 16 de1896	1	1950	05	5036	4699503.881	2235166.425	686
687	68770	Suaita	282.9267864		1	1750	68	68770	4959486.731	2233661.714	687
688	05266	Envigado	83.80167414		1	1566	05	5266	4718452.966	2238646.625	688
689	68264	Encino	399.6677365		1	1875	68	68264	4993135.121	2229725.098	689
690	05360	Itagüí	19.50785336		1	1578	05	5360	4710797.062	2241519.253	690
691	15368	Jericó	131.4443335		1	3100	15	15368	5045808.24	2237079.41	691
692	27425	Medio Atrato	1813.74921	Ordenanza No. 008 de 1999	1	25	27	27425	4593361.474	2226102.577	692
693	99524	La Primavera	18352.73963	Decreto No. 0676 de 1987	1	100	99	99524	5374012.389	2168251.363	693
694	05313	Granada	190.1182016		1	2075	05	5313	4764630.154	2235088.245	694
695	05615	Rionegro	195.871114		1	2088	05	5615	4733305.581	2238251.463	695
696	68013	Aguada	75.11051605		1	1650	68	68013	4941345.03	2241151.53	696
697	05059	Armenia	110.4221379		1	1500	05	5059	4689119.592	2239894.363	697
698	05440	Marinilla	114.8185477		1	2088	05	5440	4745041.942	2242006.092	698
699	05347	Heliconia	114.8309162		1	1450	05	5347	4695819.065	2245482.541	699
700	15572	Puerto Boyacá	1511.701404	Decreto No. 0615 de 1957	1	144	15	15572	4839250.078	2216055.924	700
701	68101	Bolívar	1008.856		1	2130	68	68101	4876840.622	2231471.427	701
702	05093	Betulia	262.3621212		1	1600	05	5093	4672906.668	2242427.342	702
703	05585	Puerto Nare	668.7306706	Ordenanza No. 7 de 1967	1	131	05	5585	4811600.577	2235269.029	703
704	15774	Susacón	182.3129111		1	2484	15	15774	5031431.918	2244776.473	704
705	15183	Chita	675.8077893		1	2949	15	15183	5062048.706	2231126.047	705
706	85125	Hato Corozal	5492.260146		1	230	85	85125	5206191.003	2233429.928	706
707	68320	Guadalupe	146.0843695		1	1410	68	68320	4954687.703	2246782.984	707
708	68245	El Guacamayo	92.81876821	Ordenanza No. 11 de 1956	1	1950	68	68245	4940742.251	2249035.728	708
709	05541	Peñol	118.2551981		1	1891	05	5541	4754069.515	2247186.168	709
710	99001	Puerto Carreño	11853.65165	Decreto No. 1594 de 1974	1	51	99	99001	5537581.216	2204793.516	710
711	68500	Oiba	287.3407648		1	1420	68	68500	4969030.144	2245870.641	711
712	05321	Guatapé	83.28166199		1	1891	05	5321	4761267.061	2248635.647	712
713	05649	San Carlos	717.30757		1	1000	05	5649	4789037.423	2242780.87	713
714	85136	La Salina	199.4192437		1	1525	85	85136	5072223.554	2240732.32	714
715	15403	La Uvita	161.2012972		1	2367	15	15403	5049147.675	2250305.312	715
716	05318	Guarne	152.1556928		1	2138	05	5318	4730413.015	2251065.872	716
717	27001	Quibdó	3508.655919		1	32	27	27001	4594369.734	2215591.005	717
718	68322	Guapotá	67.18362163		1	1475	68	68322	4963387.78	2256282.494	718
719	68211	Contratación	136.9494127	Ordenanza No. 7 de 1962	1	1650	68	68211	4944484.157	2254509.369	719
720	05001	Medellín	373.4404158		1	1475	05	5001	4711165.158	2250176.981	720
721	68217	Coromoro	576.3624297		1	1510	68	68217	5002016.12	2246926.215	721
722	68397	La Paz	283.9090808		1	1950	68	68397	4930358.834	2245049.089	722
723	15753	Soatá	122.8309548		1	1960	15	15753	5033605.392	2256699.201	723
724	68167	Charalá	418.4674911		1	1285	68	68167	4982967.517	2242597.114	724
725	68498	Ocamonte	75.0687957		1	1430	68	68498	4986499.992	2260259.068	725
726	05674	San Vicente	230.3915206		1	2200	05	5674	4742610.461	2255860.784	726
727	05667	San Rafael	363.6931332		1	1011	05	5667	4778988.761	2255749.2	727
728	68209	Confines	71.29356374		1	1600	68	68209	4973483.795	2260290.429	728
729	05044	Anzá	255.9105274		1	625	05	5044	4677842.766	2255926.56	729
730	05021	Alejandría	128.8564397		1	1750	05	5021	4768835.181	2261847.439	730
731	68524	Palmas Del Socorro	58.43772573		1	1190	68	68524	4968745.636	2264285.207	731
732	05240	Ebéjico	237.7473766		1	1250	05	5240	4692164.67	2257884.567	732
733	05212	Copacabana	67.92434715		1	1400	05	5212	4723443.882	2260531.507	733
734	15244	El Cocuy	237.789571		1	2700	15	15244	5064205.42	2260070.869	734
735	05088	Bello	147.8574111	Ordenanza No. 48 de 1913	1	1447	05	5088	4713608.64	2261342.432	735
736	05308	Girardota	82.80073712		1	1400	05	5308	4729306.106	2263591.906	736
737	15097	Boavita	144.9858784		1	2161	15	15097	5041987.922	2258298.549	737
738	05206	Concepción	201.9525913		1	1900	05	5206	4754762.146	2263075.203	738
739	05142	Caracolí	262.583657	Ordenanza No. 19 de 1963	1	650	05	5142	4808319.107	2258654.528	739
740	68176	Chima	172.9279867		1	1150	68	68176	4954148.774	2262187.407	740
741	15810	Tipacoque	71.79305066		1	1850	15	15810	5033754.316	2267447.242	741
742	68855	Valle De San José	80.96254987		1	1230	68	68855	4987844.28	2269010.416	742
743	15673	San Mateo	123.6023333		1	2221	15	15673	5048679.623	2265970.132	743
744	15317	Guacamayas	57.52173077		1	2195	15	15317	5053459.138	2270234.44	744
745	15522	Panqueba	39.62387662		1	2250	15	15522	5059486.679	2270004.079	745
746	68533	Páramo	72.84692079		1	1406	68	68533	4981044.344	2267028.761	746
747	05656	San Jerónimo	161.2354721		1	734	05	5656	4701106.799	2270211.274	747
748	05125	Caicedo	200.1303333	Decreto No. 1303 de1908	1	800	05	5125	4668958.69	2268749.172	748
749	05079	Barbosa	205.6032845		1	1305	05	5079	4742471.362	2270572.949	749
750	68720	Santa Helena Del Opón	373.2668929	Decreto No. 2355 de 1975	1	1150	68	68720	4935657.231	2266208.482	750
751	68755	Socorro	127.5968938		1	1215	68	68755	4972991.127	2272055.386	751
752	05664	San Pedro De Los Milagros	220.9995686		1	2471	05	5664	4716674.389	2272380.292	752
753	68502	Onzaga	488.2143164		1	1945	68	68502	5020777.425	2258029.525	753
754	15248	El Espino	69.24184311		1	2128	15	15248	5057415.446	2277178.285	754
755	05670	San Roque	424.5272292		1	1427	05	5670	4786428.86	2270971.198	755
756	68861	Vélez	446.9840407		1	2133	68	68861	4922321.956	2245409.438	756
757	68549	Pinchote	55.45541427		1	1170	68	68549	4980581.993	2277778.459	757
758	05690	Santo Domingo	265.7673847		1	1950	05	5690	4763136.117	2274642.851	758
759	68385	Landázuri	589.3746179	Ordenanza No. 10 de 1974	1	926	68	68385	4909483.802	2257688.24	759
760	68522	Palmar	19.6597399		1	870	68	68522	4968060.348	2278982.564	760
761	68682	San Joaquín	142.8407361		1	1974	68	68682	5016057.576	2271806.756	761
762	05237	Donmatías	203.2164287		1	2200	05	5237	4738346.094	2277448.045	762
763	15218	Covarachía	102.0877477		1	2350	15	15218	5028706.227	2278401.687	763
764	05190	Cisneros	46.91492105	Ordenanza No. 11 de 1923	1	1044	05	5190	4769810.247	2282247.538	764
765	68425	Macaravita	102.6890157		1	2270	68	68425	5045824.445	2277775.69	765
766	68147	Capitanejo	85.22614944		1	1100	68	68147	5035985.816	2278482.603	766
767	05847	Urrao	2563.849719		1	2000	05	5847	4639498.765	2259176.631	767
768	68686	San Miguel	71.05594368		1	1890	68	68686	5039425.884	2283779.584	768
769	81591	Puerto Rondón	2273.957454	Decreto No. 0677 de 1987	1	140	81	81591	5224800.602	2266934.899	769
770	68121	Cabrera	65.45711848		1	1020	68	68121	4972334.776	2283156.047	770
771	68344	Hato	168.72779		1	1300	68	68344	4960019.679	2282869.119	771
772	05761	Sopetrán	219.0364851		1	660	05	5761	4696429.959	2279292.152	772
773	68464	Mogotes	483.0131509		1	1682	68	68464	5004602.684	2275412.568	773
774	68679	San Gil	146.580262		1	1117	68	68679	4986863.578	2281850.608	774
775	81220	Cravo Norte	5189.139678	Decreto No. 0677 de 1987	1	102	81	81220	5324081.941	2260215.341	775
776	05425	Maceo	386.8026563	Ordenanza No. 60 de 1942	1	1100	05	5425	4810540.107	2280380.543	776
777	05501	Olaya	86.97390427		1	400	05	5501	4693182.718	2289405.888	777
778	05264	Entrerrios	214.1354216		1	2292	05	5264	4717125.707	2287423.626	778
779	05042	Santa Fe De Antioquia	525.5718158		1	570	05	5042	4678907.234	2281110.77	779
780	68229	Curití	243.7494537		1	1500	68	68229	4997930.827	2289315.468	780
781	68684	San José De Miranda	75.13294958		1	1979	68	68684	5028753.824	2290543.366	781
782	81794	Tame	5403.881602	Decreto No. 1243 de 1960	1	325	81	81794	5133572.128	2264317.875	782
783	68266	Enciso	74.65455025		1	1570	68	68266	5035324.483	2293735.181	783
784	68468	Molagavita	180.0985433		1	2180	68	68468	5019980.528	2292075.232	784
785	68079	Barichara	137.0273598		1	1284	68	68079	4976224.798	2292493.509	785
786	05306	Giraldo	93.49176507		1	1950	05	5306	4674146.599	2295233.689	786
787	68370	Jordán	39.82396332		1	300	68	68370	4988995.413	2299862.154	787
788	05579	Puerto Berrío	1218.931627		1	113	05	5579	4831015.344	2274492.489	788
789	68152	Carcasí	258.3687199		1	2080	68	68152	5047543.663	2293902.899	789
790	15332	Güicán De La Sierra	949.8997711		1	2880	15	15332	5082217.534	2283701.139	790
791	05004	Abriaquí	296.974192	Ordenanza No. 39 de 1912	1	1900	05	5004	4658862.309	2291395.43	791
792	68872	Villanueva	97.42699932	Ordenanza No. 26 de 1966	1	1470	68	68872	4981885.108	2296779.361	792
793	68190	Cimitarra	3170.542286	Ordenanza No. 025 de 1966	1	159	68	68190	4870622.029	2266408.348	793
794	68296	Galán	201.3808028		1	944	68	68296	4964129.626	2295234.852	794
795	68432	Málaga	57.07166107		1	2206	68	68432	5028898.368	2300579.786	795
796	05885	Yalí	440.555244	Ordenanza No. 11 de 1959	1	1200	05	5885	4806016.188	2300550.841	796
797	05086	Belmira	296.0877826		1	2550	05	5086	4706683.664	2294004.506	797
798	05411	Liborina	216.3867652		1	750	05	5411	4692442.095	2301864.295	798
799	68160	Cepitá	107.7516424		1	670	68	68160	5007815.778	2304136.203	799
800	68051	Aratoca	169.4617582		1	1764	68	68051	4998715.507	2300190.775	800
801	05150	Carolina	149.5142249		1	1800	05	5150	4745214.179	2304999.33	801
802	27075	Bahía Solano	896.0656582	Ordenanza No. 008 de 1962	1	34	27	27075	4518166.215	2255050.842	802
803	68235	El Carmen	922.5703079	Decreto No. 0703 de 1986	1	500	68	68235	4937603.021	2294424.472	803
804	05890	Yolombó	1011.882049		1	1462	05	5890	4787514.858	2292711.248	804
805	15180	Chiscas	657.2807458		1	2400	15	15180	5064303.434	2297172.55	805
806	05310	Gómez Plata	332.0308899	Ordenanza No. 26 de 1903	1	1750	05	5310	4757705.807	2299936.2	806
807	05873	Vigía Del Fuerte	1662.729916	Ordenanza No. 6 de 1983	1	7	05	5873	4591308.411	2272567.271	807
808	81300	Fortul	1155.525253	Decreto No. 2926 de 1989	1	244	81	81300	5129326.462	2299083.723	808
809	27099	Bojayá	3633.178065	Ordenanza No. 013 de 1960	1	13	27	27099	4546534.371	2275264.724	809
810	68573	Puerto Parra	761.3338216	Ordenanza No. 20 de 1980	1	100	68	68573	4894200.128	2296814.058	810
811	05658	San José De La Montaña	126.0475366	Ordenanza No. 2 de 1964	1	2550	05	5658	4704147.394	2312780.211	811
812	05686	Santa Rosa De Osos	864.499049		1	2588	05	5686	4730551.893	2296334.459	812
813	68207	Concepción	336.3761573		1	2005	68	68207	5043551.254	2307697.11	813
814	68418	Los Santos	289.5825651		1	1295	68	68418	4988087.816	2310733.598	814
815	68745	Simacota	903.3587221		1	1080	68	68745	4923757.922	2292657.239	815
816	05284	Frontino	1384.455963		1	1500	05	5284	4631679.94	2298632.05	816
817	05315	Guadalupe	118.1484656	Ordenanza No. 2 de 1964	1	1725	05	5315	4754111.442	2316763.177	817
818	68669	San Andrés	280.976162		1	1607	68	68669	5020308.361	2309003.112	818
819	05038	Angostura	338.3544737		1	1675	05	5038	4739475.253	2316820.153	819
820	05113	Buriticá	355.1912423		1	1600	05	5113	4678223.872	2311359.195	820
821	05138	Cañasgordas	364.8386014		1	1298	05	5138	4665527.668	2312088.443	821
822	05858	Vegachí	540.2988196	Ordenanza No. 9 de 1983	1	1000	05	5858	4806185.726	2313970.496	822
823	68895	Zapatoca	363.7743503		1	1707	68	68895	4969102.517	2313223.032	823
824	68162	Cerrito	420.1634182		1	2496	68	68162	5039162.609	2320886.361	824
825	05842	Uramita	265.9370208	Ordenanza No. 43 de 1978	1	647	05	5842	4653841.592	2323116.991	825
826	05647	San Andrés de Cuerquia	206.8201646		1	1400	05	5647	4705588.124	2322872.171	826
827	05475	Murindó	1266.839876		1	25	05	5475	4590113.088	2314145.263	827
828	15223	Cubará	1159.088539	Ordenanza No. 8 de 1965	1	357	15	15223	5090118.354	2318874.855	828
829	81065	Arauquita	2876.863995	Decreto No. 1447 de 1971	1	155	81	81065	5187688.557	2308421.015	829
830	81736	Saravena	922.8878229	Decreto No. 0204 de 1976	1	224	81	81736	5126874.166	2321063.724	830
831	05628	Sabanalarga	265.7270122		1	850	05	5628	4691534.671	2321451.466	831
832	68318	Guaca	301.7740736		1	2311	68	68318	5019466.344	2325241.021	832
833	05819	Toledo	134.4175424	Ordenanza No. 33 de 1912	1	1850	05	5819	4700660.632	2333866.914	833
834	81001	Arauca	5755.575178	Decreto No. 2877 de 1959	1	128	81	81001	5275251.518	2309644.204	834
835	68547	Piedecuesta	483.7958505		1	1009	68	68547	4999426.148	2327341.562	835
836	68705	Santa Bárbara	220.7709075		1	1900	68	68705	5011471.939	2330172.51	836
837	68276	Floridablanca	99.93336423		1	930	68	68276	4992498.899	2340312.831	837
838	68689	San Vicente De Chucurí	1114.683595		1	652	68	68689	4940476.216	2319843.556	838
839	68092	Betulia	430.5165597		1	1620	68	68092	4957227.407	2332965.422	839
840	05234	Dabeiba	1957.669468		1	412	05	5234	4633866.414	2331919.36	840
841	68307	Girón	491.5722466		1	703	68	68307	4972528.086	2335545.903	841
842	05134	Campamento	232.0852347		1	1725	05	5134	4746873.283	2336023.684	842
843	05543	Peque	434.0388313	Ordenanza No. 13 de 1915	1	1200	05	5543	4680856.895	2337357.591	843
844	05887	Yarumal	712.3299357		1	2269	05	5887	4728425.658	2330712.05	844
845	68081	Barrancabermeja	1324.666206	Ordenanza No. 13 de 1922	2	81	68	68081	4913652.616	2337533.718	845
846	05107	Briceño	376.2401075	Ordenanza No. 27 de 1980	1	1200	05	5107	4717086.637	2344624.592	846
847	68820	Tona	330.0686526		1	1850	68	68820	5006654.619	2350373.085	847
848	54174	Chitagá	1182.502238		1	2337	54	54174	5052391.478	2337219.035	848
849	68001	Bucaramanga	153.2348228		1	960	68	68001	4987677.154	2348665.901	849
850	05604	Remedios	1973.073977		1	728	05	5604	4828070.865	2331575.437	850
851	05893	Yondó	1892.953542	Ordenanza No. 38 de 1978	1	100	05	5893	4872087.831	2323373.44	851
852	05031	Amalfi	1208.346215		1	1500	05	5031	4781198.163	2329479.546	852
853	54743	Silos	316.1616994		1	2750	54	54743	5023598.189	2351492.961	853
854	68169	Charta	126.4583005		1	2000	68	68169	5001337.187	2360105.191	854
855	27150	Carmen Del Darién	3182.687492	Ordenanza No. 018 de 2000	1	5	27	27150	4560884.725	2337069.729	855
856	54125	Cácota	138.6200565		1	2400	54	54125	5038385.871	2361401.133	856
857	54480	Mutiscua	158.5083862		1	2600	54	54480	5025558.577	2366517.764	857
858	68867	Vetas	92.23515737	Ordenanza No. 37 de 1978	1	3350	68	68867	5013066.386	2367096.627	858
859	68132	California	44.92357984		1	2000	68	68132	5008125.613	2370528.811	859
860	54377	Labateca	255.4614291		1	1534	54	54377	5052671.799	2360855.725	860
861	68406	Lebrija	549.4677677		1	1013	68	68406	4967844.724	2354047.245	861
862	13160	Cantagallo	879.5875482	Ordenanza No. 30 de 1994	1	64	13	13160	4878569.788	2358060.38	862
863	05854	Valdivia	567.4816616		1	1064	05	5854	4734994.779	2361517.34	863
864	05040	Anorí	1412.956963		1	1550	05	5040	4767250.156	2353360.607	864
865	68444	Matanza	235.2974214		1	1580	68	68444	4993999.453	2370029.52	865
866	54518	Pamplona	297.6500305		1	2288	54	54518	5035753.964	2373388.877	866
867	05736	Segovia	1124.733273		1	681	05	5736	4821045.944	2361334.63	867
868	54820	Toledo	1478.263166		1	1644	54	54820	5076604.571	2356511.073	868
869	27372	Juradó	1298.053701	Ordenanza No. 014 de 1956	1	5	27	27372	4482316.82	2346589.154	869
870	54347	Herrán	107.5176862	Odenanza No. 12 de 1911	1	2000	54	54347	5055968.618	2386103.132	870
871	05480	Mutatá	1075.265866		1	132	05	5480	4617706.853	2369379.868	871
872	54520	Pamplonita	170.5416613		1	1700	54	54520	5040239.146	2384864.101	872
873	05361	Ituango	2840.926417		1	1750	05	5361	4685366.78	2365962.178	873
874	68780	Suratá	362.2984718		1	1740	68	68780	5001346.527	2384021.351	874
875	68255	El Playón	454.153146	Decreto No.3515 de 1984	1	445	68	68255	4979974.863	2389427.988	875
876	54223	Cucutilla	374.1306473		1	1300	54	54223	5022383.39	2386986.128	876
877	54599	Ragonvalia	97.82184444		1	1555	54	54599	5054313.045	2397312.961	877
878	68655	Sabana De Torres	1400.616863	Ordenanza No. 16 de 1973	1	135	68	68655	4936981.75	2376451.053	878
879	54172	Chinácota	165.8917598		1	1230	54	54172	5045880.036	2395972.042	879
880	13670	San Pablo	2018.5575	Ordenanza No. 02 de 1968	1	75	13	13670	4874710.2	2378315.878	880
881	05895	Zaragoza	1166.735346		1	67	05	5895	4794991.66	2384303.475	881
882	54051	Arboledas	455.2192125		1	920	54	54051	5015284.301	2399255.474	882
883	68615	Rionegro	1166.480545		1	655	68	68615	4958929.962	2383910.892	883
884	05790	Tarazá	1148.694508	Ordenanza No. 41 de 1978	1	97	05	5790	4735027.196	2386237.016	884
885	54099	Bochalema	169.963628		1	1058	54	54099	5037726.7	2401505.459	885
886	05172	Chigorodó	721.9816671	Ordenanza No. 52 de 1915	1	31	05	5172	4598459.861	2402985.98	886
887	54385	La Esperanza	668.7509072	Ordenanza No. 82 de 1993	1	174	54	54385	4960159.12	2408331.585	887
888	54239	Durania	174.5778816	Ordenanza No. 12 de 1911	1	950	54	54239	5036142.807	2414049.974	888
889	54128	Cáchira	614.6716563		1	2020	54	54128	4985734.033	2407096.55	889
890	54405	Los Patios	126.143922	Ordenanza No. 13 de 1985	1	403	54	54405	5052110.285	2413453.267	890
891	54874	Villa Del Rosario	91.88399967		1	435	54	54874	5057091.46	2415235.127	891
892	05147	Carepa	387.4353341	Ordenanza No. 7 de 1983	1	34	05	5147	4596725.026	2420442.107	892
893	54660	Salazar	492.9055109		1	850	54	54660	5014581.379	2416882.938	893
894	54673	San Cayetano	138.975539		1	240	54	54673	5043012.151	2425200.905	894
895	23682	San José De Uré	525.4590181	Ordenanza No. 11 de 2007	1	96	23	23682	4716942.242	2415556.102	895
896	05120	Cáceres	1872.69676		1	114	05	5120	4754795.832	2405624.985	896
897	27615	Riosucio	7615.456449		1	22	27	27615	4531764.275	2376802.135	897
898	54680	Santiago	172.1706165		1	411	54	54680	5031044.278	2429763.153	898
899	20710	San Alberto	549.3157256	Ordenanza No. 03 de 1976	1	120	20	20710	4949995.323	2421509.1	899
900	05250	El Bagre	1558.620549	Ordenanza No. 22 de 1979	1	50	05	5250	4816519.436	2409708.098	900
901	54313	Gramalote	148.714998		1	1047	54	54313	5021258.368	2431668.245	901
902	54418	Lourdes	86.4100833	Ordenanza No. 44 de 1925	1	1411	54	54418	5016887.897	2437986.548	902
903	23580	Puerto Libertador	1647.247564	Ordenanza No. 6 de 1980	1	90	23	23580	4694401.214	2411098.332	903
904	05045	Apartadó	535.3647226	Ordenanza No. 7 de 1967	1	28	05	5045	4606733.611	2432198.278	904
905	54871	Villa Caro	400.2739882	Ordenanza No. 09 de 1948	1	1600	54	54871	5001367.061	2434952.465	905
906	05154	Caucasia	1428.239321		1	51	05	5154	4775716.871	2427944.839	906
907	20770	San Martín	991.7336878	Ordenanza No. 15 de 1983	1	113	20	20770	4940022.014	2435157.998	907
908	68575	Puerto Wilches	1506.580766		1	65	68	68575	4913561.81	2395312.669	908
909	23350	La Apartada	286.895397	Ordenanza No. 07 de 1997	1	40	23	23350	4747913.698	2448469.237	909
910	13688	Santa Rosa Del Sur	2380.120209	Ordenanza No. 21 de 1984	1	600	13	13688	4860805.113	2417051.346	910
911	13744	Simití	1352.835477		1	25	13	13744	4891590.968	2425685.502	911
912	23466	Montelíbano	1550.838962	Decreto No. 810 de 1954	1	39	23	23466	4695682.355	2430431.057	912
913	54109	Bucarasica	270.251036		1	1100	54	54109	5007797.937	2450812.492	913
914	05495	Nechí	936.581079	Ordenanza No. 1 de 1981	1	35	05	5495	4802518.409	2441368.286	914
915	54003	Ábrego	1379.898691		1	1395	54	54003	4982538.658	2444185.45	915
916	54261	El Zulia	504.2462512	Ordenanza No. 04 de 1959	1	204	54	54261	5040580.508	2450981.276	916
917	23807	Tierralta	4938.331187	Ordenanza No. 63 de 1948	1	51	23	23807	4650633.551	2422725.383	917
918	20614	Río De Oro	548.6048793		1	1165	20	20614	4946327.397	2464248.375	918
919	54398	La Playa	241.7723668		1	1500	54	54398	4979315.811	2470372.183	919
920	27800	Unguía	1191.230667	Ordenanza No. 014 de 1979	1	50	27	27800	4547708.693	2457242.763	920
921	23079	Buenavista	834.5834404	Ordenanza No. 10 de 1969	1	56	23	23079	4731949.27	2463955.24	921
922	54553	Puerto Santander	46.31355792	Ordenanza No. 80 de 1993	1	50	54	54553	5064831.052	2478507.917	922
923	54498	Ocaña	521.8214847		1	1205	54	54498	4961196.803	2467555.269	923
924	23855	Valencia	919.2206572	Ordenanza No. 29 de 1959	1	55	23	23855	4645157.639	2467719.556	924
925	13655	San Jacinto Del Cauca	569.4567346	Ordenanza No. 13 de 1997	1	25	13	13655	4816297.295	2468621.909	925
926	54001	Cúcuta	1131.835638		1	325	54	54001	5056313.849	2454410.895	926
927	13458	Montecristo	2090.717466	Ordenanza No. 30 de 1994	1	50	13	13458	4838785.089	2444159.24	927
928	20310	González	72.77415025		1	1300	20	20310	4958692.258	2486851.605	928
929	13473	Morales	1345.748552		1	41	13	13473	4893058.805	2470159.18	929
930	13042	Arenal	461.3629698	Ordenanza No. 18 de 1996	1	50	13	13042	4878151.447	2479848.942	930
931	20295	Gamarra	326.4265547	Ordenanza No. 15 de 1929	1	43	20	20295	4922238.373	2479382.612	931
932	05837	Turbo	2919.206477		2	1	05	5837	4589501.112	2443636.221	932
933	54344	Hacarí	418.2101939		1	1000	54	54344	4991386.344	2481979.398	933
934	20011	Aguachica	876.316336		1	152	20	20011	4931439.217	2469529.828	934
935	70265	Guaranda	361.3974451	Ordenanza No. 02 de 1984	1	25	70	70265	4815508.014	2484809.256	935
936	54720	Sardinata	1464.664972		1	300	54	54720	5021322.616	2471184.596	936
937	23068	Ayapel	1963.729795		1	26	23	23068	4774425.341	2471942.718	937
938	23555	Planeta Rica	1140.098934	Decreto No. 811 de 1954	1	87	23	23555	4712342.318	2475016.323	938
939	54670	San Calixto	397.2875735		1	1650	54	54670	4982615.819	2492150.03	939
940	05665	San Pedro De Urabá	602.6512175	Ordenanza No. 22 de 1977	1	434	05	5665	4634801.334	2485430.797	940
941	13490	Norosí	415.8526175	Decreto No. 0699 de 2007	1	50	13	13490	4877225.518	2498101.365	941
942	23570	Pueblo Nuevo	848.9515568	Ordenanza No. 4 de 1957	1	120	23	23570	4735305.291	2496007.1	942
943	13810	Tiquisio	761.9626224	Ordenanza No. 30 de 1994	1	25	13	13810	4857317.415	2496637.971	943
944	13600	Rioviejo	844.259626	Ordenanza No. 10 de 1982	1	10	13	13600	4890294.532	2496618.052	944
945	27006	Acandí	798.5282841		1	6	27	27006	4527557.185	2492574.184	945
946	05490	Necoclí	1256.114513	Ordenanza No. 23 de 1977	1	6	05	5490	4595192.584	2498473.851	946
947	70708	San Marcos	969.7921857		1	20	70	70708	4760986.492	2507787.336	947
948	70429	Majagual	844.5856486		1	22	70	70429	4811825.801	2502759.847	948
949	20383	La Gloria	801.5780792		1	35	20	20383	4930368.317	2510712.646	949
950	05659	San Juan De Urabá	252.0259795	Ordenanza No. 58 de 1986	1	7	05	5659	4611342.983	2521953.226	950
951	13580	Regidor	183.2415672	Ordenanza No. 40 de 1995	1	10	13	13580	4906408.51	2521890.402	951
952	13030	Altos Del Rosario	303.3909084	Ordenanza No. 30 de 1994	1	33	13	13030	4868591.837	2525909.561	952
953	13006	Achí	950.7565658		1	24	13	13006	4837424.714	2511146.656	953
954	23090	Canalete	420.0889712	Ordenanza No. 28 de 1978	1	50	23	23090	4643814.956	2523540.067	954
955	23678	San Carlos	446.4397066		1	12	23	23678	4703836.885	2521114.024	955
956	54250	El Tarra	702.7440475	Ordenanza No. 04 de 1990	1	150	54	54250	4996506.471	2516946.21	956
957	05051	Arboletes	754.3945059	Decreto No. 340 de 1958	1	6	05	5051	4624211.754	2511232.485	957
958	20550	Pelaya	422.7395224	Ordenanza No. 006 de 1980	1	70	20	20550	4930408.722	2526494.046	958
959	70400	La Unión	232.1900782	Ordenanza No. 19 de 1968	1	80	70	70400	4748949.831	2532497.27	959
960	70124	Caimito	412.2240866		1	20	70	70124	4765584.153	2530218.191	960
961	23419	Los Córdobas	366.1267256	Ordenanza No. 6 de 1963	1	7	23	23419	4637634.144	2536317.497	961
962	13074	Barranco De Loba	430.2096793		1	25	13	13074	4872187.435	2534598.287	962
963	23001	Montería	3137.346865	Ordenanza No. 42 de 1923	1	17	23	23001	4675328.583	2507855.521	963
964	13667	San Martín De Loba	449.5459821		1	27	13	13667	4888925.33	2529188.043	964
965	23162	Cereté	290.4466077		1	12	23	23162	4688352.62	2541660.658	965
966	13268	El Peñón	318.5521677	Ordenanza No. 42 de 1995	1	25	13	13268	4899728.472	2537681.309	966
967	23660	Sahagún	964.3661913		1	83	23	23660	4732875.785	2531153.014	967
968	13300	Hatillo De Loba	194.0239801	Ordenanza No. 30 de 1994	1	26	13	13300	4873952.315	2550914.638	968
969	70771	Sucre	1130.330097		1	19	70	70771	4807870.903	2532430.225	969
970	23189	Ciénaga De Oro	641.0694514		1	13	23	23189	4713264.752	2536022.795	970
971	20787	Tamalameque	512.4703639		1	32	20	20787	4916105.659	2541768.68	971
972	20517	Pailitas	530.9096251	Ordenanza No. 21 Bis de 1963	1	75	20	20517	4937093.541	2545801.728	972
973	13549	Pinillos	774.817287		1	20	13	13549	4847666.542	2538595.245	973
974	23686	San Pelayo	445.5854852		1	9	23	23686	4680183.581	2552424.062	974
975	70678	San Benito Abad	1493.138207		1	22	70	70678	4784003.3	2534901.517	975
976	23574	Puerto Escondido	411.1770284	Ordenanza No. 11 de 1961	1	9	23	23574	4648880.537	2552781.146	976
977	23300	Cotorra	87.7411764	Ordenanza No. 03 de 1997	1	10	23	23300	4694627.291	2559965.299	977
978	54810	Tibú	2683.170987	Ordenanza No. 03 de 1977	1	55	54	54810	5022161.725	2520784.144	978
979	54800	Teorama	925.5765578		1	1000	54	54800	4982719.905	2525986.23	979
980	70233	El Roble	198.3621657	Decreto No. 356 de 1998	1	100	70	70233	4765075.095	2561042.924	980
981	23182	Chinú	625.9986822		1	122	23	23182	4741018.047	2556378.967	981
982	13440	Margarita	292.6200597		1	25	13	13440	4865349.218	2558730.999	982
983	70235	Galeras	321.6358969	Ordenanza No. 04 de 1968	1	55	70	70235	4782349.69	2568039.542	983
984	13650	San Fernando	317.7772594		1	25	13	13650	4850758.125	2562886.914	984
985	23168	Chima	324.0582249		1	4	23	23168	4708571.113	2565755.462	985
986	70670	Sampués	214.0089969		1	160	70	70670	4740728.232	2571611.997	986
987	23670	San Andrés De Sotavento	206.7438458		1	117	23	23670	4723036.776	2566879.942	987
988	54206	Convención	930.3848558		1	1020	54	54206	4978005.194	2538497.635	988
989	13468	Mompós	651.5766374		2	20	13	13468	4830274.838	2568618.018	989
990	54245	El Carmen	1726.599674		1	950	54	54245	4962002.658	2537960.818	990
991	23815	Tuchín	106.5248175	Ordenanza No. 09 de 2007	1	45	23	23815	4720568.274	2578333.443	991
992	13188	Cicuco	132.0164474	Ordenanza No. 30 de 1994	1	20	13	13188	4814632.258	2578930.949	992
993	23500	Moñitos	203.4136134	Ordenanza No. 002 de 1978	1	3	23	23500	4657304.999	2575052.308	993
994	47245	El Banco	814.0452056		1	35	47	47245	4892240.761	2565349.05	994
995	23417	Lorica	951.228703		1	6	23	23417	4680316.064	2572031.2	995
996	70215	Corozal	285.5134943		1	150	70	70215	4752822.887	2575818.832	996
997	23464	Momil	158.6396472		1	7	23	23464	4708855.275	2582925.543	997
998	23586	Purísima	117.4947535		1	6	23	23586	4701131.205	2584842.962	998
999	47318	Guamal	563.8139606		1	24	47	47318	4874858.944	2580110.416	999
1000	70742	Sincé	418.7190674		1	140	70	70742	4770050.608	2581509.365	1000
1001	20228	Curumaní	913.6692771		1	61	20	20228	4946401.685	2578924.868	1001
1002	70702	San Juan De Betulia	168.0261742	Ordenanza No. 28 de 1968	1	145	70	70702	4756927.597	2585536.83	1002
1003	70523	Palmito	174.5954591		1	40	70	70523	4718689.399	2590538.608	1003
1004	13780	Talaigua Nuevo	249.0943738	Ordenanza No. 10 de 1984	1	16	13	13780	4819937.515	2587560.907	1004
1005	70001	Sincelejo	279.8139076		1	213	70	70001	4732986.631	2588428.091	1005
1006	23672	San Antero	208.1068708	Ordenanza No. 22 de 1929	1	42	23	23672	4694012.036	2593476.757	1006
1007	70110	Buenavista	146.4001068	Ordenanza No. 09 de 1968	1	87	70	70110	4785681.537	2588463.816	1007
1008	23675	San Bernardo Del Viento	315.7977419	Ordenanza No. 13 de 1945	1	4	23	23675	4673164.389	2590366.687	1008
1009	13430	Magangué	1129.987506		1	20	13	13430	4808093.777	2571710.265	1009
1010	70221	Coveñas	55.81680326	Decreto No. 063 de 2002	1	2	70	70221	4708255.023	2597135.379	1010
1011	70717	San Pedro	212.8024011	Ordenanza No. 14 de 1939	1	137	70	70717	4776355.691	2597009.984	1011
1012	47703	San Zenón	268.5394924		1	25	47	47703	4851060.89	2589002.725	1012
1013	70473	Morroa	170.164733		1	160	70	70473	4744530.06	2596716.77	1013
1014	20175	Chimichagua	1374.367138	Ordenanza No. 54 de 1892	1	30	20	20175	4917359.367	2576767.338	1014
1015	47692	San Sebastián De Buenavista	437.1110812	Decreto No. 0687 de 1957	1	22	47	47692	4868139.053	2591689.199	1015
1016	70418	Los Palmitos	198.764723	Ordenanza No. 27 de 1968	1	184	70	70418	4757086.001	2599952.276	1016
1017	20178	Chiriguaná	1112.679274		1	33	20	20178	4939863.388	2599702.445	1017
1018	20032	Astrea	637.0471496	Ordenanza No. 013 de 1984	1	75	20	20032	4896629.809	2609086.972	1018
1019	70204	Colosó	131.0928472		1	160	70	70204	4740533.861	2611734.937	1019
1020	70823	Toluviejo	284.7023297		1	68	70	70823	4731718.06	2607640.389	1020
1021	70230	Chalán	83.67159064	Ordenanza No. 06 de 1968	1	280	70	70230	4744984.814	2616311.146	1021
1022	47720	Santa Bárbara De Pinto	494.2494404	Ordenanza No. 003 de 2000	1	25	47	47720	4819187.159	2610634.229	1022
1023	70820	Tolú	302.5912799		1	4	70	70820	4721760.499	2612515.424	1023
1024	13212	Córdoba	596.8656259		1	20	13	13212	4792137.3	2612755.816	1024
1025	70508	Ovejas	459.7997697		1	258	70	70508	4759862.056	2614010.098	1025
1026	20400	La Jagua De Ibirico	754.8156056	Ordenanza No. 05 de 1979	1	140	20	20400	4964819.96	2613445.555	1026
1027	47545	Pijiño Del Carmen	660.7631769	Ordenanza No. 1 de 1996	1	25	47	47545	4874390.037	2611366.311	1027
1028	47707	Santa Ana	1119.222423		1	25	47	47707	4853031.146	2610196.831	1028
1029	13894	Zambrano	309.3098497		1	21	13	13894	4793785.717	2635426.725	1029
1030	20250	El Paso	812.3138792	Ordenanza No. 29 de 1979	1	37	20	20250	4923959.759	2627921.231	1030
1031	13244	El Carmen De Bolívar	945.7442921		1	155	13	13244	4763328.066	2630596.917	1031
1032	20045	Becerrill	1224.384077	Ordenanza No. 020 de 1977	1	111	20	20045	4972335.286	2632945.749	1032
1033	13654	San Jacinto	442.6514207		1	239	13	13654	4769109.198	2645550.4	1033
1034	47460	Nueva Granada	841.124382	Ordenanza No. 004 de 2000	1	112	47	47460	4854344.219	2634126.266	1034
1035	47058	Ariguaní	1130.337615	Ordenanza No. 14 Bis de 1966	1	187	47	47058	4881113.516	2644895.216	1035
1036	47798	Tenerife	491.7801857		1	20	47	47798	4810114.349	2655192.855	1036
1037	47555	Plato	1455.596561		1	14	47	47555	4824375.725	2637954.152	1037
1038	20060	Bosconia	585.7976742	Ordenanza No. 001 de 1979	1	83	20	20060	4905080.687	2657206.132	1038
1039	13442	María La Baja	561.019901		1	12	13	13442	4743160.033	2661310.572	1039
1040	13657	San Juan Nepomuceno	630.8072224		1	166	13	13657	4773627.944	2660185.76	1040
1041	13248	El Guamo	382.9761782		1	100	13	13248	4788758.663	2667489.531	1041
1042	70713	San Onofre	1034.699218		1	34	70	70713	4725312.36	2643551.879	1042
1043	47170	Chivolo	536.0996876	Decreto No. 0107 de 1947	1	100	47	47170	4832848.547	2674408.69	1043
1044	47541	Pedraza	305.4635861		1	10	47	47541	4798756.713	2680825.836	1044
1045	20013	Agustín Codazzi	1750.991459	Decreto No. 179 de 1958	1	131	20	20013	4975510.281	2657419.801	1045
1046	47960	Zapayán	372.6062037	Ordenanza No. 005 de 2000	1	24	47	47960	4814480.365	2676580.045	1046
1047	47205	Concordia	109.3950017	Ordenanza No. 007 de 1999	1	25	47	47205	4805316.83	2689291.08	1047
1048	13433	Mahates	432.0979633		1	10	13	13433	4761269.41	2683488.738	1048
1049	13838	Turbana	191.0785865		1	50	13	13838	4729466.129	2687930.276	1049
1050	13062	Arroyohondo	163.6863415	Ordenanza No. 41 de 1997	1	25	13	13062	4778071.886	2690433.026	1050
1051	13052	Arjona	587.1897913		1	62	13	13052	4740268.749	2682142.363	1051
1052	20750	San Diego	644.8818033	Ordenanza No. 28 de 1982	1	167	20	20750	4968459.919	2681768.791	1052
1053	08770	Suan	42.51337956		1	7	08	8770	4791235.707	2697999.289	1053
1054	13140	Calamar	255.5040522		1	8	13	13140	4780883.806	2687886.016	1054
1055	47161	Cerro De San Antonio	176.8833615		1	7	47	47161	4800799.748	2696055.371	1055
1056	47660	Sabanas De San Ángel	1237.523389	Ordenanza No. 006 de 1999	1	140	47	47660	4861511.905	2674926.351	1056
1057	47030	Algarrobo	405.9177913	Ordenanza No. 008 de 1999	1	100	47	47030	4879226.393	2691249.975	1057
1058	08675	Santa Lucía	57.31196282	Ordenanza No. 01 de 1967	1	7	08	8675	4784883.035	2702768.64	1058
1059	20238	El Copey	955.1498184	Ordenanza No. 08 de 1971	1	135	20	20238	4900053.859	2685257.04	1059
1060	13760	Soplaviento	92.56413814		1	5	13	13760	4768269.196	2700490.853	1060
1061	13620	San Cristóbal	42.24197631	Ordenanza No. 36 de 1995	1	5	13	13620	4773077.156	2704620.617	1061
1062	13836	Turbaco	202.5763249		1	179	13	13836	4739510.41	2703000.488	1062
1063	20443	Manaure Balcón Del Cesar	136.6481889	Ordenanza No. 019 de 1980	1	750	20	20443	5000920.035	2706231.574	1063
1064	20621	La Paz	1070.946434		1	66	20	20621	4979087.711	2681172.065	1064
1065	13647	San Estanislao	211.5113383		1	25	13	13647	4758630.124	2704159.981	1065
1066	47258	El Piñón	556.6860243		1	5	47	47258	4816329.931	2701421.279	1066
1067	08137	Campo De La Cruz	99.9193172		1	7	08	8137	4794440.094	2708125.916	1067
1068	44420	La Jagua Del Pilar	179.1124135		1	200	44	44420	4992099.265	2713651.225	1068
1069	13873	Villanueva	137.058446		1	112	13	13873	4751890.767	2713081.747	1069
1070	08436	Manatí	214.1272863		1	10	08	8436	4782833.121	2713895.305	1070
1071	13683	Santa Rosa	154.6131131		1	50	13	13683	4741641.23	2715844.383	1071
1072	08141	Candelaria	135.6806608		1	13	08	8141	4794590.011	2717679.334	1072
1073	44855	Urumita	245.4881246	Ordenanza No. 16 de 1978	1	250	44	44855	5001495.236	2717696.276	1073
1074	47675	Salamina	170.164138		1	5	47	47675	4811529.633	2720499.585	1074
1075	08606	Repelón	358.3440606		1	10	08	8606	4767864.249	2719900.322	1075
1076	13222	Clemencia	85.33375662	Ordenanza No. 017 de 1995	1	62	13	13222	4746824.926	2725477.14	1076
1077	47288	Fundación	970.5678839	Ordenanza No. 47 de 1945	1	45	47	47288	4903276.802	2713929.302	1077
1078	44874	Villanueva	259.5727875		1	235	44	44874	5002705.782	2727527.484	1078
1079	47551	Pivijay	1638.661267	Ordenanza No. 54 de 1892	1	4	47	47551	4845450.049	2711224.838	1079
1080	08421	Luruaco	224.1894899	Ordenanza No. 143 de 1960	1	31	08	8421	4764442.801	2734021.731	1080
1081	13001	Cartagena De Indias	567.1360965		2	1	13	13001	4730937.072	2715283.555	1081
1082	44110	El Molino	241.2716531	Ordenanza No. 015 de 1989	1	255	44	44110	5012464.348	2733398.202	1082
1083	08638	Sabanalarga	395.5789411		1	99	08	8638	4786195.428	2732492.934	1083
1084	08560	Ponedera	206.5081129	Ordenanza No. 75 de 1965	1	8	08	8560	4803312.917	2729301.14	1084
1085	20570	Pueblo Bello	742.6368633	Ordenanza No. 37 de 1997	1	1100	20	20570	4935614.441	2714685.739	1085
1086	08520	Palmar De Varela	92.19176099		1	4	08	8520	4806473.183	2740362.03	1086
1087	47605	Remolino	594.3751397		1	5	47	47605	4827124.486	2735145.225	1087
1088	47268	El Retén	261.9022894	Ordenanza No. 04 de 1996	1	20	47	47268	4855118.466	2736231.403	1088
1089	08685	Santo Tomás	65.03235867		1	6	08	8685	4803815.234	2745826.688	1089
1090	08849	Usiacurí	101.3091341		1	110	08	8849	4783263.959	2745562.56	1090
1091	13673	Santa Catalina	172.7383786		1	33	13	13673	4752261.679	2735745.65	1091
1092	08558	Polonuevo	73.80719457		1	75	08	8558	4797336.379	2748446.837	1092
1093	08549	Piojó	252.7825097		1	250	08	8549	4765659.839	2745709.431	1093
1094	08634	Sabanagrande	43.06589499		1	6	08	8634	4806688.468	2751879.938	1094
1095	08078	Baranoa	121.2440319		1	116	08	8078	4789915.112	2751355.395	1095
1096	20001	Valledupar	4181.844825		1	169	20	20001	4949300.895	2705290.173	1096
1097	47053	Aracataca	1738.413521		1	33	47	47053	4903809.139	2734433.006	1097
1098	08372	Juan De Acosta	167.8918702		1	50	08	8372	4772854.311	2754762.767	1098
1099	08433	Malambo	98.1898171	Ordenanza No. 24 de 1912	1	10	08	8433	4802644.72	2757370.996	1099
1100	08758	Soledad	59.12799251		1	14	08	8758	4805689.72	2763845.799	1100
1101	08296	Galapa	97.51745385		1	87	08	8296	4793827.752	2762884.163	1101
1102	47980	Zona Bananera	445.9374748	Ordenanza No. 011 de 1999	1	20	47	47980	4871268.267	2751280.08	1102
1103	08832	Tubará	182.9492893		1	268	08	8832	4783211.177	2763995.862	1103
1104	47570	Puebloviejo	674.7591727	Ordenanza No. 54 de 1892	1	1	47	47570	4851336.405	2757028.315	1104
1105	44650	San Juan Del Cesar	1307.981976		1	216	44	44650	4990568.155	2752905.088	1105
1106	44098	Distracción	231.2287006	Ordenanza No. 41 de 1995	1	205	44	44098	5006064.606	2765266.206	1106
1107	44279	Fonseca	472.5171045		1	181	44	44279	5021647.771	2754586.295	1107
1108	08573	Puerto Colombia	70.31064755	Decreto No. 483 de 1906	1	4	08	8573	4791667.719	2774689.496	1108
1109	47189	Ciénaga	1323.255971		1	3	47	47189	4886079.302	2761495.628	1109
1110	47745	Sitionuevo	970.217145		1	5	47	47745	4821951.915	2761893.351	1110
1111	08001	Barranquilla	153.7912948		2	32	08	8001	4800358.836	2772125.448	1111
1112	44078	Barrancas	799.947538		1	149	44	44078	5034224.35	2772399.759	1112
1113	44378	Hatonuevo	215.2087209	Ordenanza No. 057 de 1994	1	179	44	44378	5029258.082	2784566.759	1113
1114	44090	Dibulla	1746.786834	Ordenanza No. 30 de 1995	1	3	44	44090	4952431.432	2783559.236	1114
1115	47001	Santa Marta	2344.0716		2	2	47	47001	4903365.689	2787160.722	1115
1116	44035	Albania	544.1180355	Ordenanza No. 01 de 2000	1	100	44	44035	5051085.439	2798869.387	1116
1117	44001	Riohacha	3082.410947		2	3	44	44001	5004489.037	2800392.52	1117
1118	44430	Maicao	1767.249213	Decreto No. 0044 de 1956	1	51	44	44430	5076931.58	2815837.256	1118
1119	44560	Manaure	1616.125601	Ordenanza No. 15 de 1973	1	3	44	44560	5046681.115	2840508.731	1119
1120	44847	Uribia	7863.72732		1	23	44	44847	5136152.598	2884350.597	1120
1121	88001	San Andrés	27.39898134		1	20	88	88001	4049995.06	2959882.934	1121
1122	88564	Providencia y Santa Catalina	22.48978688	Decreto No. 2964 Bis de 1953	1	5	88	88564	4090663.055	3049090.826	1122
